1.335805e+00
2.614518e-01
2.841060e-01
2.844078e-01
3.004313e-01
1.638921e-01
2.080372e-01
2.283734e-01
2.272675e-01
2.977466e-01
1.619350e-01
1.799250e-01
2.103750e-01
2.375536e-01
2.562680e-01
1.668249e-01
2.235974e-01
2.209137e-01
2.575096e-01
2.830554e-01
1.599190e-01
1.908087e-01
2.097075e-01
2.297790e-01
2.610705e-01
1.621198e-01
1.869308e-01
2.100874e-01
2.396500e-01
2.823908e-01
1.744612e-01
2.177170e-01
2.713174e-01
2.391825e-01
2.671747e-01
1.588180e-01
1.820719e-01
2.075646e-01
2.316600e-01
2.695193e-01
1.809917e-01
1.885656e-01
2.022669e-01
2.413764e-01
3.303852e-01
1.568393e-01
2.331410e-01
2.145846e-01
2.407668e-01
2.642268e-01
3.887577e-01
4.947174e-01
6.052803e-01
7.409365e-01
8.475697e-01
2.770859e-01
3.996355e-01
5.145919e-01
6.509061e-01
7.356675e-01
3.729302e-01
4.774289e-01
6.605636e-01
1.377739e+00
1.603691e+00
7.140790e-01
9.133651e-01
1.143670e+00
1.449163e+00
1.631878e+00
7.039562e-01
9.113594e-01
1.146284e+00
1.394858e+00
1.617706e+00
6.864895e-01
9.050854e-01
1.136413e+00
1.370634e+00
1.626193e+00
3.661032e-01
5.636234e-01
7.447698e-01
8.574854e-01
9.936350e-01
4.690637e-01
9.615973e-01
1.158899e+00
1.348657e+00
1.580681e+00
6.550633e-01
8.674813e-01
1.110532e+00
1.358366e+00
1.602644e+00
7.053908e-01
9.725424e-01
1.160170e+00
1.422622e+00
1.622260e+00
2.686571e+00
3.131385e+00
2.040303e+00
2.281073e+00
4.061213e+00
1.812004e+00
2.447230e+00
2.803741e+00
1.770994e+00
1.938539e+00
1.331117e+00
1.901140e+00
2.749191e+00
2.270367e+00
2.548859e+00
1.615037e+00
1.849842e+00
2.061566e+00
2.464382e+00
2.645586e+00
1.476789e+00
1.850362e+00
1.995665e+00
2.350567e+00
2.632461e+00
1.585338e+00
1.796988e+00
2.078703e+00
2.358799e+00
2.695036e+00
1.533090e+00
1.840648e+00
2.171984e+00
2.538888e+00
2.630132e+00
1.523131e+00
1.814374e+00
2.101210e+00
2.346523e+00
2.591150e+00
1.410177e+00
1.669546e+00
1.973525e+00
2.254707e+00
2.538019e+00
1.574654e+00
1.819675e+00
2.083238e+00
2.478577e+00
2.683285e+00
6.826524e+00
7.634592e+00
8.127988e+00
8.830500e+00
9.255327e+00
4.082132e+00
4.580001e+00
5.090738e+00
5.408551e+00
6.105828e+00
7.326232e+00
7.652155e+00
8.250575e+00
8.681966e+00
9.295789e+00
7.852432e+00
8.374797e+00
9.125154e+00
9.684760e+00
1.005908e+01
7.525543e+00
7.867124e+00
8.315352e+00
8.661787e+00
9.247716e+00
7.586740e+00
8.669768e+00
9.051067e+00
9.118698e+00
9.444303e+00
7.172230e+00
8.056792e+00
8.398818e+00
8.926733e+00
9.328274e+00
7.472217e+00
8.146562e+00
8.600117e+00
9.150062e+00
9.465855e+00
7.072914e+00
7.598986e+00
8.334170e+00
8.995176e+00
9.592653e+00
7.990412e+00
8.184638e+00
8.894375e+00
9.659397e+00
9.687929e+00
3.011965e+01
3.197585e+01
3.366371e+01
3.429938e+01
3.767016e+01
1.800884e+01
1.977378e+01
1.898489e+01
2.245287e+01
2.309386e+01
3.672189e+01
3.898670e+01
3.721412e+01
3.635751e+01
3.852205e+01
3.625719e+01
3.807890e+01
3.802340e+01
3.752677e+01
3.753113e+01
3.114421e+01
3.293957e+01
3.426711e+01
3.909063e+01
3.601808e+01
3.483020e+01
3.619760e+01
3.667866e+01
3.848538e+01
3.997802e+01
3.142248e+01
3.285694e+01
3.350949e+01
3.435271e+01
3.558606e+01
3.482268e+01
3.641532e+01
3.805731e+01
3.693418e+01
3.573542e+01
2.997659e+01
3.246416e+01
3.406718e+01
3.676816e+01
3.752623e+01
3.336227e+01
3.433133e+01
3.645194e+01
3.796806e+01
3.928944e+01
