40
1 0 31
3 0 43
3 1 46
3 2 49
4 0 46
4 1 5
4 3 11
5 1 9
5 2 44
6 2 32
6 3 38
6 4 41
7 0 27
7 1 42
7 2 21
7 3 50
7 6 7
8 1 26
8 2 17
8 3 18
8 5 46
8 7 23
9 0 2
9 1 31
10 0 13
10 5 24
10 6 13
10 9 35
11 0 8
11 1 49
11 2 40
11 4 45
11 5 16
11 6 24
11 10 35
12 0 26
12 1 21
12 3 9
12 5 47
12 6 48
12 7 9
12 8 13
13 1 29
13 2 48
13 3 47
13 6 34
13 7 26
13 9 7
13 11 49
14 0 28
14 1 35
14 2 33
14 3 45
14 5 31
14 8 35
14 9 38
15 0 44
15 1 1
15 3 35
15 4 12
15 6 46
15 8 46
15 13 1
16 0 32
16 1 30
16 2 7
16 3 21
16 5 36
16 7 35
16 8 44
16 11 20
16 12 17
17 3 27
17 4 40
17 5 44
17 6 19
17 7 26
17 8 8
17 12 16
17 15 27
17 16 44
18 1 21
18 3 38
18 4 13
18 7 32
18 9 12
18 10 15
18 14 42
18 15 28
19 1 28
19 4 7
19 5 1
19 6 9
19 7 24
19 9 50
19 11 18
19 13 26
19 14 33
19 15 42
19 16 19
20 3 46
20 4 24
20 9 46
20 16 3
20 17 18
20 19 47
21 0 3
21 6 36
21 7 38
21 8 4
21 9 36
21 13 40
21 16 1
21 19 6
21 20 24
22 0 9
22 2 4
22 4 47
22 8 23
22 9 45
22 10 43
22 12 25
22 14 44
22 16 35
22 18 25
22 21 5
23 2 33
23 3 30
23 7 17
23 8 47
23 10 11
23 12 16
23 14 18
23 15 20
23 16 12
23 17 1
23 18 45
23 19 12
23 20 18
23 22 20
24 0 45
24 3 41
24 4 5
24 5 15
24 8 32
24 9 1
24 10 24
24 11 1
24 14 43
24 15 34
24 21 27
24 22 4
24 23 49
25 0 50
25 2 45
25 4 7
25 5 8
25 6 33
25 10 45
25 12 6
25 15 35
25 16 9
25 17 18
25 19 24
26 0 19
26 1 22
26 3 12
26 4 44
26 5 16
26 7 21
26 9 7
26 11 23
26 14 37
26 15 38
26 16 32
26 17 11
26 18 50
26 19 1
26 21 17
26 23 37
26 24 8
26 25 1
27 0 4
27 6 6
27 8 13
27 9 31
27 11 46
27 13 33
27 14 48
27 15 46
27 16 36
27 17 45
27 18 5
27 19 36
27 21 45
27 23 47
27 24 3
27 25 14
28 3 42
28 10 47
28 15 13
28 16 17
28 17 16
28 18 28
28 19 39
28 21 36
28 23 15
28 24 17
28 25 34
29 3 4
29 4 50
29 5 7
29 9 48
29 13 13
29 23 46
29 25 22
29 27 38
30 1 44
30 4 20
30 6 45
30 8 42
30 9 3
30 10 9
30 13 23
30 14 9
30 16 9
30 17 8
30 24 31
30 27 44
31 0 49
31 1 36
31 2 15
31 3 10
31 4 2
31 6 20
31 9 28
31 10 18
31 11 31
31 14 15
31 17 31
31 18 44
31 19 30
31 20 26
31 21 28
31 22 33
31 26 11
31 27 4
31 28 41
31 29 8
31 30 47
32 1 50
32 3 7
32 5 22
32 7 29
32 8 21
32 9 33
32 10 17
32 12 33
32 15 19
32 16 21
32 18 17
32 20 4
32 22 18
32 25 18
32 27 18
32 28 3
32 29 13
32 31 37
33 6 39
33 9 43
33 10 38
33 11 12
33 12 20
33 17 22
33 19 20
33 21 28
33 22 30
33 23 8
33 24 42
33 26 22
33 27 8
33 30 44
33 32 24
34 2 6
34 3 47
34 5 15
34 9 31
34 10 44
34 11 17
34 12 26
34 13 29
34 15 21
34 16 13
34 17 15
34 18 39
34 19 22
34 22 46
34 24 41
34 26 18
34 27 30
34 28 15
34 30 40
34 32 9
34 33 34
35 0 2
35 2 18
35 8 49
35 9 23
35 13 6
35 15 29
35 17 3
35 18 49
35 20 42
35 23 21
35 28 2
35 32 49
35 34 44
36 1 17
36 2 35
36 4 12
36 5 2
36 6 23
36 7 29
36 10 37
36 11 18
36 12 35
36 13 11
36 16 42
36 17 2
36 19 34
36 20 40
36 22 44
36 24 30
36 25 20
36 26 48
36 27 32
36 30 5
37 1 11
37 2 38
37 6 5
37 8 10
37 11 4
37 14 10
37 16 21
37 17 17
37 18 23
37 20 10
37 24 24
37 25 29
37 26 12
37 32 38
37 34 25
37 36 50
38 2 42
38 3 5
38 4 27
38 7 25
38 14 8
38 15 33
38 16 47
38 18 10
38 23 18
38 25 12
38 26 34
38 31 44
38 32 11
38 35 12
38 36 44
39 1 32
39 2 36
39 3 37
39 4 33
39 7 10
39 10 33
39 16 16
39 18 24
39 19 46
39 21 35
39 24 28
39 28 36
39 29 37
39 31 50
39 33 1
39 34 28
39 35 45
39 37 30
39 38 13
