40
1 0 20
2 0 22
2 1 24
3 1 4
3 2 23
4 1 22
4 3 10
5 1 20
5 3 24
5 4 17
6 1 19
6 4 14
7 0 17
7 3 17
7 5 9
7 6 1
8 3 17
9 2 25
9 3 23
9 6 5
9 8 20
10 0 11
10 2 19
10 4 5
10 6 8
10 7 17
11 0 2
11 2 8
11 3 6
11 4 2
11 5 23
11 6 6
11 8 7
11 9 17
12 0 5
12 2 1
12 3 9
12 5 20
12 7 15
12 8 11
12 9 10
12 10 24
13 0 5
13 1 14
13 4 1
13 6 23
13 7 9
13 8 3
13 11 18
14 0 17
14 7 5
14 12 7
14 13 7
15 2 20
15 4 1
15 8 23
15 9 8
15 11 4
16 0 25
16 1 2
16 3 23
16 5 15
16 6 25
16 10 14
16 15 7
17 0 12
17 2 25
17 6 25
17 7 7
17 11 13
17 12 15
17 15 22
18 2 15
18 4 18
18 6 3
18 7 3
18 10 18
18 13 4
18 14 25
18 17 16
19 3 23
19 5 16
19 6 8
19 8 6
19 11 4
19 14 5
19 17 6
19 18 13
20 1 25
20 3 3
20 7 20
20 8 11
20 13 5
20 14 14
20 18 9
20 19 10
21 0 4
21 1 24
21 4 9
21 5 12
21 6 23
21 8 10
21 9 11
21 11 6
21 12 25
21 14 7
21 16 21
21 17 14
21 20 14
22 2 17
22 4 13
22 5 21
22 6 2
22 7 22
22 13 9
22 15 2
22 17 13
22 19 20
22 21 5
23 0 6
23 2 22
23 5 6
23 9 8
23 10 20
23 11 1
23 12 1
23 15 13
24 1 8
24 4 11
24 10 6
24 13 14
24 16 5
24 17 5
24 18 17
24 19 5
24 20 14
24 22 13
24 23 12
25 0 18
25 2 12
25 5 25
25 7 6
25 8 24
25 13 16
25 16 23
25 18 8
25 19 5
25 21 6
25 22 24
25 23 3
26 2 8
26 3 22
26 5 23
26 6 14
26 7 22
26 8 23
26 10 22
26 12 2
26 14 14
26 15 19
26 16 18
26 17 3
26 18 11
26 19 5
27 1 18
27 3 23
27 6 1
27 8 11
27 9 12
27 11 19
27 16 22
27 19 17
27 20 3
27 23 10
27 24 24
28 0 5
28 1 22
28 3 19
28 4 9
28 5 23
28 6 7
28 7 5
28 8 23
28 9 17
28 10 23
28 12 8
28 17 18
28 18 20
28 19 8
28 22 11
28 23 4
28 26 13
29 0 18
29 3 8
29 5 6
29 12 10
29 13 10
29 18 9
29 20 25
29 23 11
29 24 12
29 25 15
30 1 17
30 2 8
30 3 1
30 5 14
30 8 12
30 9 9
30 11 4
30 16 11
30 17 2
30 18 18
30 19 12
30 20 21
30 24 11
31 1 14
31 2 12
31 3 9
31 5 8
31 7 10
31 9 5
31 12 15
31 13 5
31 21 16
31 22 4
31 23 15
31 25 3
31 26 16
31 27 19
31 29 24
31 30 13
32 3 12
32 4 7
32 5 3
32 6 3
32 9 7
32 10 3
32 12 2
32 13 17
32 16 10
32 17 19
32 19 20
32 24 3
32 25 15
32 28 5
32 30 15
33 0 13
33 2 14
33 4 12
33 5 15
33 7 6
33 8 12
33 14 7
33 15 20
33 16 22
33 17 6
33 20 3
33 21 1
33 24 9
33 25 19
33 26 20
33 27 19
33 28 13
33 29 6
33 31 17
34 0 18
34 1 1
34 2 5
34 4 13
34 7 9
34 12 22
34 13 19
34 14 21
34 16 23
34 17 20
34 21 19
34 23 15
34 26 8
34 30 6
34 33 1
35 2 15
35 3 16
35 4 23
35 7 17
35 8 3
35 9 16
35 10 10
35 12 15
35 13 22
35 15 13
35 16 13
35 18 17
35 22 25
35 23 25
35 24 7
35 26 15
35 29 24
35 31 15
35 33 18
36 1 2
36 2 4
36 7 12
36 8 21
36 9 20
36 10 3
36 12 6
36 13 4
36 20 8
36 21 25
36 23 22
36 25 11
36 29 18
36 34 6
37 0 23
37 1 24
37 3 16
37 4 2
37 7 1
37 8 15
37 12 14
37 13 12
37 14 4
37 17 4
37 18 15
37 23 10
37 27 12
37 29 3
37 35 24
37 36 3
38 0 8
38 1 20
38 3 16
38 8 18
38 10 5
38 12 12
38 14 15
38 15 3
38 17 24
38 19 20
38 23 22
38 26 1
38 29 24
38 30 5
38 32 20
38 34 13
38 35 1
39 1 24
39 2 17
39 4 4
39 7 18
39 10 12
39 11 18
39 13 9
39 14 4
39 17 14
39 20 14
39 26 14
39 28 20
39 35 21
39 38 16
