25
1 0 66
2 1 53
3 1 4
4 0 71
4 1 70
5 2 99
6 1 53
6 2 48
6 4 49
6 5 52
7 1 64
7 2 19
7 6 74
8 5 79
8 6 52
8 7 49
9 4 82
9 5 13
9 6 84
10 1 26
10 2 91
10 4 25
10 5 20
10 6 27
10 7 68
10 8 61
11 0 39
11 3 23
11 4 11
11 5 18
11 7 41
11 10 10
12 1 54
12 2 4
12 4 42
12 5 7
12 6 10
12 8 57
12 10 58
13 2 2
13 3 36
13 6 55
13 9 37
14 3 94
14 6 43
14 7 27
14 11 69
15 1 30
15 4 67
15 5 99
15 7 4
15 8 31
15 9 34
15 10 66
15 11 38
15 12 96
15 14 14
16 2 95
16 3 85
16 5 49
16 6 69
16 7 22
16 9 78
16 10 85
16 11 67
16 14 23
16 15 50
17 0 33
17 1 58
17 5 15
17 8 53
17 9 64
17 10 25
17 11 8
17 13 45
17 14 86
17 15 38
17 16 72
18 0 49
18 3 1
18 5 11
18 6 23
18 7 42
18 8 17
18 10 4
18 13 54
18 15 37
18 16 75
18 17 72
19 0 27
19 1 50
19 3 99
19 6 68
19 8 62
19 9 67
19 10 74
19 12 17
19 13 50
19 14 94
19 15 52
20 2 72
20 6 70
20 9 99
20 10 87
20 11 94
20 12 79
20 14 27
20 19 54
21 0 17
21 2 45
21 3 52
21 4 69
21 5 5
21 6 97
21 11 43
21 12 50
21 14 52
21 16 45
21 18 95
21 19 36
22 2 57
22 4 76
22 5 40
22 6 54
22 7 47
22 10 9
22 11 96
22 12 80
22 13 49
22 14 12
22 17 49
22 18 38
22 21 6
23 2 6
23 6 4
23 8 44
23 9 39
23 10 12
23 12 19
23 14 27
23 15 99
23 18 39
23 19 53
23 20 85
23 22 23
24 1 86
24 2 60
24 3 44
24 4 71
24 6 98
24 8 43
24 9 43
24 11 3
24 12 99
24 13 87
24 17 71
24 18 73
24 21 84
24 22 16
24 23 91
