40
1 0 77
3 0 59
3 1 70
4 0 58
5 2 41
6 0 61
6 1 2
6 3 23
6 4 36
7 2 25
7 4 23
8 4 40
9 0 66
9 2 87
9 8 70
10 1 34
10 3 15
10 4 97
10 6 26
11 1 38
11 2 59
11 4 83
11 6 63
11 9 89
12 3 73
12 5 79
12 9 85
13 0 57
13 1 17
13 2 58
13 3 14
13 7 9
13 10 59
13 12 49
14 2 74
14 4 74
14 6 19
14 7 49
15 0 7
15 3 30
15 5 25
15 7 65
15 11 65
15 12 9
16 0 85
16 2 69
16 5 72
16 6 64
16 7 19
16 8 53
16 10 18
16 12 23
16 15 27
17 0 3
17 1 32
17 2 81
17 4 18
17 7 35
17 8 24
17 9 78
17 11 50
17 12 90
17 13 100
17 15 19
17 16 46
18 1 62
18 2 73
18 9 89
18 10 32
18 12 83
18 14 11
18 15 93
18 16 69
18 17 28
19 1 12
19 3 48
19 4 31
19 6 67
19 7 88
19 8 37
19 9 94
19 10 99
19 13 62
19 15 52
20 0 71
20 2 73
20 3 22
20 7 79
20 8 26
20 12 39
20 14 52
20 16 62
20 18 46
20 19 55
21 1 67
21 4 23
21 7 10
21 9 56
21 10 94
21 11 39
21 16 87
21 17 47
21 18 29
21 20 22
22 1 100
22 3 29
22 4 10
22 6 21
22 7 40
22 8 25
22 9 69
22 13 72
22 14 80
22 15 19
22 19 90
22 21 97
23 2 3
23 3 54
23 7 36
23 8 33
23 9 35
23 10 37
23 12 10
23 15 30
23 17 49
23 18 88
23 19 35
23 20 96
24 0 39
24 1 54
24 2 54
24 4 6
24 7 5
24 9 84
24 14 76
24 15 48
24 16 80
24 17 51
24 20 35
24 21 25
24 23 34
25 0 44
25 2 29
25 3 34
25 5 9
25 6 20
25 7 81
25 8 38
25 12 71
25 16 40
25 17 50
25 18 54
25 20 7
25 23 48
26 0 28
26 1 80
26 3 6
26 4 39
26 6 91
26 7 84
26 9 95
26 10 11
26 12 33
26 13 73
26 15 26
26 18 37
26 24 86
27 0 38
27 2 8
27 4 49
27 6 47
27 8 49
27 16 22
27 18 32
27 19 76
27 23 29
27 26 84
28 0 95
28 2 48
28 3 18
28 6 74
28 7 50
28 8 83
28 13 82
28 15 92
28 16 53
28 17 14
28 22 88
28 24 83
29 0 52
29 2 21
29 3 81
29 5 40
29 9 97
29 12 24
29 17 10
29 20 29
29 22 28
29 23 94
29 24 26
29 25 98
29 26 82
29 27 12
29 28 60
30 3 46
30 4 64
30 6 79
30 7 12
30 8 96
30 9 40
30 11 72
30 12 3
30 13 91
30 16 61
30 18 83
30 19 33
30 20 95
30 29 98
31 3 29
31 5 40
31 6 34
31 11 78
31 14 51
31 15 93
31 16 79
31 17 54
31 18 48
31 19 47
31 20 91
31 24 12
31 28 12
32 0 82
32 2 53
32 3 1
32 5 41
32 6 34
32 10 35
32 12 37
32 14 78
32 15 63
32 17 56
32 18 78
32 21 69
32 22 61
32 25 99
32 30 8
33 0 76
33 1 14
33 4 94
33 5 26
33 6 63
33 7 23
33 8 66
33 9 58
33 13 73
33 15 31
33 16 67
33 18 75
33 19 73
33 22 72
33 23 70
33 24 6
33 25 48
33 26 56
33 27 96
33 29 98
34 1 25
34 2 89
34 3 56
34 4 76
34 6 68
34 7 58
34 8 70
34 11 40
34 12 21
34 13 62
34 14 98
34 15 89
34 17 20
34 18 57
34 19 84
34 20 92
34 25 25
34 26 59
34 29 11
34 31 88
34 32 8
34 33 64
35 0 90
35 5 29
35 8 100
35 9 13
35 11 71
35 12 48
35 13 27
35 17 45
35 19 75
35 20 24
35 22 5
35 24 5
35 26 17
35 29 39
35 31 19
35 32 54
35 33 100
36 0 40
36 1 61
36 2 47
36 3 61
36 4 26
36 12 73
36 14 32
36 16 37
36 19 42
36 22 43
36 24 58
36 25 30
36 26 82
36 27 14
36 28 62
36 29 68
36 30 41
36 31 93
36 33 67
36 34 3
37 1 22
37 2 67
37 3 38
37 5 91
37 6 74
37 9 23
37 11 63
37 12 39
37 13 53
37 14 55
37 15 33
37 16 44
37 18 59
37 19 88
37 20 78
37 21 60
37 22 89
37 23 22
37 24 10
37 25 28
37 27 53
37 28 41
37 32 15
37 33 85
37 34 64
37 36 50
38 2 61
38 3 2
38 4 8
38 5 82
38 7 55
38 9 5
38 12 8
38 16 24
38 17 49
38 19 40
38 20 84
38 25 76
38 27 88
38 29 1
38 32 85
38 33 55
38 34 73
39 1 20
39 2 40
39 3 6
39 4 81
39 5 75
39 7 11
39 8 68
39 11 18
39 13 21
39 17 19
39 18 62
39 22 13
39 23 36
39 25 84
39 26 46
39 27 96
39 28 32
39 29 25
39 31 95
39 33 42
39 36 62
39 37 27
39 38 16
