55
1 0 33
2 0 26
2 1 17
3 0 14
3 2 48
4 0 31
4 1 48
5 0 21
5 4 11
6 0 15
6 2 20
6 4 39
6 5 46
7 0 5
7 1 27
7 2 14
7 3 44
7 5 3
8 2 39
8 3 13
9 0 46
9 1 13
9 4 43
9 6 26
9 7 32
9 8 10
10 0 27
10 2 49
10 3 20
10 4 30
10 6 23
10 7 4
10 8 25
10 9 23
11 1 44
11 4 14
11 5 5
11 7 26
11 9 42
12 1 28
12 4 24
12 5 19
12 6 32
12 8 28
12 9 1
12 10 46
12 11 28
13 3 44
13 4 49
13 5 2
13 6 50
13 7 36
13 9 35
13 10 37
14 0 24
14 3 5
14 4 23
14 9 46
14 11 29
15 0 9
15 2 36
15 3 30
15 4 38
15 7 19
15 10 19
15 14 33
16 2 48
16 4 19
16 6 47
16 7 18
16 10 43
16 11 40
16 13 29
16 14 29
17 0 8
17 3 42
17 5 18
17 7 20
17 10 7
17 11 38
17 13 45
17 14 41
17 16 44
18 1 25
18 3 30
18 5 38
18 8 23
18 10 14
18 12 39
18 13 25
18 15 24
18 16 26
18 17 15
19 0 34
19 3 43
19 6 17
19 10 2
19 11 9
19 12 35
19 15 6
20 0 20
20 2 2
20 3 20
20 4 36
20 5 40
20 6 6
20 10 23
20 11 46
20 15 43
20 16 40
20 18 45
20 19 10
21 2 25
21 7 37
21 9 4
21 11 34
21 13 28
21 14 14
21 16 27
21 17 19
21 18 21
21 19 44
22 0 7
22 2 21
22 3 47
22 9 21
22 10 30
22 11 14
22 13 27
22 16 9
22 17 46
22 20 2
23 0 35
23 1 46
23 2 13
23 4 26
23 5 8
23 7 22
23 10 36
23 11 17
23 13 46
23 15 8
23 18 6
23 19 12
23 20 47
23 21 40
23 22 14
24 0 11
24 1 45
24 4 43
24 5 20
24 6 41
24 7 5
24 10 4
24 11 42
24 13 42
24 18 36
24 21 39
24 23 46
25 0 27
25 2 26
25 7 11
25 8 2
25 9 27
25 11 1
25 12 31
25 17 49
25 18 33
25 19 10
25 21 39
25 23 39
26 0 30
26 1 5
26 3 34
26 4 6
26 5 24
26 6 6
26 7 47
26 10 4
26 11 34
26 14 35
26 15 24
26 16 32
26 17 24
26 18 9
26 19 25
26 21 49
26 22 22
26 23 25
26 25 23
27 2 36
27 3 28
27 6 10
27 9 47
27 15 11
27 16 45
27 17 34
27 19 35
27 20 43
27 21 21
27 22 32
27 23 24
27 24 20
28 2 6
28 3 30
28 4 50
28 5 14
28 7 4
28 9 42
28 10 15
28 13 20
28 16 48
28 17 24
28 19 46
28 23 35
28 24 33
28 25 36
28 26 32
29 0 6
29 2 17
29 5 12
29 8 3
29 11 33
29 14 29
29 17 26
29 21 6
29 23 29
29 24 26
29 25 20
29 27 7
30 0 15
30 1 1
30 3 12
30 4 19
30 5 11
30 7 42
30 10 36
30 12 10
30 13 43
30 17 38
30 18 31
30 19 49
30 21 44
30 23 30
30 25 11
30 28 28
30 29 43
31 0 44
31 1 10
31 2 31
31 3 19
31 4 23
31 6 7
31 7 23
31 10 15
31 11 33
31 13 50
31 14 13
31 20 20
31 21 30
31 22 45
31 24 34
31 26 1
31 28 46
31 29 14
32 0 30
32 2 36
32 3 22
32 4 11
32 5 39
32 7 39
32 9 19
32 10 27
32 11 17
32 12 7
32 13 8
32 15 28
32 16 9
32 18 11
32 21 30
32 24 26
32 25 33
32 29 27
32 30 16
32 31 17
33 1 2
33 2 23
33 3 33
33 4 44
33 6 8
33 11 13
33 12 46
33 13 14
33 14 43
33 15 4
33 16 47
33 17 7
33 18 22
33 19 12
33 20 44
33 22 26
33 23 26
33 25 42
33 30 32
33 31 26
34 0 14
34 3 15
34 5 37
34 6 7
34 7 4
34 8 34
34 10 46
34 14 23
34 18 21
34 20 33
34 21 30
34 22 43
34 25 46
34 26 1
34 28 1
34 32 14
35 3 11
35 4 31
35 6 8
35 7 49
35 8 26
35 10 15
35 11 12
35 12 45
35 15 30
35 19 23
35 22 29
35 23 22
35 24 12
35 25 31
35 28 45
35 31 26
35 32 23
35 33 23
36 1 7
36 2 12
36 3 21
36 5 50
36 6 1
36 8 20
36 10 31
36 18 48
36 20 4
36 21 49
36 23 24
36 27 10
36 30 37
37 0 23
37 1 35
37 2 23
37 4 5
37 5 48
37 7 13
37 10 47
37 12 9
37 13 36
37 15 12
37 16 20
37 19 5
37 23 32
37 27 3
37 28 5
37 30 47
37 31 34
37 33 36
37 34 22
38 0 27
38 1 4
38 4 36
38 5 42
38 6 5
38 7 24
38 19 22
38 22 33
38 24 9
38 27 30
38 31 33
38 32 44
38 36 17
39 2 49
39 3 29
39 7 21
39 8 49
39 9 44
39 11 41
39 13 21
39 15 4
39 16 3
39 17 40
39 19 26
39 24 13
39 25 2
39 26 45
39 27 9
39 28 31
39 29 37
39 31 46
39 32 41
39 33 18
39 34 18
39 35 20
39 37 27
40 2 42
40 4 2
40 5 6
40 6 8
40 7 44
40 8 23
40 12 28
40 13 4
40 15 42
40 17 27
40 18 29
40 22 30
40 23 24
40 24 50
40 27 49
40 28 10
40 33 31
40 35 40
40 37 20
40 38 40
41 0 41
41 1 29
41 7 41
41 8 19
41 13 37
41 16 1
41 17 34
41 18 6
41 19 1
41 21 21
41 23 49
41 24 31
41 25 47
41 29 25
41 31 40
41 32 42
41 33 42
41 35 15
41 37 42
41 39 31
42 2 32
42 7 14
42 13 2
42 14 34
42 16 6
42 21 23
42 22 7
42 23 44
42 25 12
42 28 18
42 30 12
42 31 8
42 32 24
42 36 37
42 37 17
42 38 46
42 41 4
43 0 43
43 1 38
43 7 8
43 9 23
43 11 44
43 13 25
43 17 41
43 18 35
43 21 49
43 22 49
43 25 37
43 27 50
43 28 2
43 29 30
43 30 47
43 31 12
43 33 26
43 34 10
43 35 29
43 36 44
43 37 3
43 38 18
43 39 20
43 40 40
43 41 11
44 2 37
44 5 2
44 9 39
44 10 40
44 11 32
44 12 38
44 16 49
44 18 45
44 21 26
44 22 49
44 25 45
44 26 44
44 28 9
44 29 35
44 35 8
44 37 38
44 40 29
45 0 36
45 1 12
45 2 49
45 3 45
45 5 4
45 7 47
45 8 40
45 10 29
45 11 23
45 14 47
45 16 17
45 17 38
45 18 28
45 22 3
45 23 2
45 24 7
45 25 39
45 28 37
45 29 10
45 30 22
45 35 24
45 37 50
45 38 10
45 39 33
45 41 14
45 42 26
45 43 50
46 0 24
46 11 30
46 12 23
46 13 35
46 17 20
46 19 23
46 20 6
46 25 22
46 26 2
46 29 24
46 31 3
46 32 19
46 33 37
46 35 35
46 41 47
46 44 21
46 45 13
47 1 11
47 4 24
47 8 43
47 9 6
47 11 36
47 13 34
47 15 33
47 21 11
47 23 23
47 24 45
47 27 11
47 28 39
47 29 4
47 31 21
47 33 23
47 36 37
47 37 19
47 39 38
47 40 14
47 42 23
47 43 33
47 44 28
47 45 22
48 0 23
48 1 4
48 4 34
48 5 44
48 6 7
48 7 16
48 8 46
48 10 16
48 11 22
48 12 2
48 13 30
48 14 28
48 16 31
48 19 25
48 21 17
48 26 8
48 28 14
48 29 34
48 30 45
48 34 3
48 35 4
48 37 48
48 38 24
48 39 17
48 40 24
48 43 9
48 45 4
49 1 33
49 2 9
49 4 46
49 5 40
49 6 11
49 13 15
49 15 31
49 16 33
49 18 13
49 21 26
49 24 35
49 26 27
49 28 20
49 29 3
49 31 45
49 33 1
49 35 21
49 36 49
49 37 32
49 39 23
49 40 44
49 42 15
49 44 4
49 45 22
49 46 5
49 47 33
50 0 48
50 2 42
50 3 18
50 4 48
50 5 1
50 8 25
50 11 42
50 12 35
50 15 4
50 16 1
50 18 4
50 19 22
50 21 23
50 22 6
50 23 30
50 25 28
50 31 19
50 35 19
50 37 13
50 39 8
50 40 11
50 41 16
50 43 26
50 45 14
50 46 2
50 48 28
50 49 25
51 1 46
51 4 25
51 6 50
51 7 26
51 11 34
51 12 2
51 14 23
51 22 37
51 23 19
51 25 15
51 26 36
51 30 10
51 33 41
51 34 1
51 35 25
51 39 19
51 40 39
51 43 11
51 44 27
51 46 44
51 47 33
51 48 37
51 49 21
52 1 34
52 2 13
52 3 35
52 4 13
52 5 15
52 8 26
52 9 24
52 15 23
52 17 30
52 21 30
52 22 22
52 24 35
52 25 30
52 27 19
52 30 18
52 31 44
52 33 31
52 37 32
52 38 45
52 44 4
52 45 42
52 48 32
52 50 35
52 51 37
53 3 40
53 4 40
53 5 29
53 7 36
53 10 41
53 11 35
53 13 14
53 15 45
53 19 49
53 20 43
53 25 36
53 26 3
53 27 35
53 28 46
53 35 15
53 39 39
53 41 17
53 42 42
53 45 38
53 47 20
53 48 43
53 51 49
53 52 5
54 0 13
54 2 22
54 7 26
54 10 12
54 14 33
54 15 43
54 18 28
54 19 5
54 21 18
54 23 36
54 24 2
54 25 21
54 26 26
54 28 31
54 34 5
54 39 10
54 41 30
54 42 34
54 44 16
54 48 28
54 49 20
54 50 10
54 51 16
54 53 30
