70
1 0 10
3 0 5
3 2 74
4 0 43
4 1 5
5 1 75
5 2 5
5 4 71
6 1 42
6 4 16
6 5 60
7 0 35
7 1 61
7 2 18
8 6 7
9 4 35
9 5 41
9 7 26
10 0 49
10 4 12
10 5 75
10 6 29
10 7 32
10 8 42
10 9 73
11 5 72
11 6 33
11 7 70
12 2 3
12 4 68
12 5 7
12 6 44
12 8 3
12 11 32
13 0 13
13 1 26
13 2 13
13 4 55
13 5 6
13 7 22
13 8 57
13 10 16
13 11 71
14 2 72
14 3 74
14 5 38
14 6 57
14 8 61
14 9 52
14 12 35
14 13 74
15 0 8
15 1 57
15 5 56
15 6 10
15 8 42
15 9 65
15 10 55
15 11 67
15 13 13
15 14 22
16 2 15
16 4 17
16 6 22
16 7 56
16 9 50
16 11 73
17 0 49
17 1 43
17 4 74
17 6 24
17 8 45
17 11 43
17 13 25
17 14 1
17 16 12
18 2 39
18 8 37
18 11 20
18 12 75
18 13 13
18 15 67
18 16 38
19 0 21
19 2 61
19 6 69
19 10 13
19 14 66
19 15 16
19 16 29
19 18 11
20 2 70
20 3 50
20 6 59
20 9 54
20 10 17
20 12 50
20 13 38
20 14 25
20 16 55
20 17 24
20 19 33
21 1 60
21 2 47
21 6 59
21 9 55
21 17 59
21 18 26
21 20 74
22 3 42
22 4 40
22 5 72
22 6 16
22 11 33
22 13 74
22 15 2
22 17 15
22 20 55
22 21 8
23 3 38
23 4 5
23 5 40
23 7 61
23 8 41
23 13 74
23 15 19
23 20 40
23 22 7
24 1 36
24 3 66
24 4 14
24 5 42
24 8 66
24 9 50
24 12 5
24 17 39
24 19 4
24 20 24
24 23 20
25 1 3
25 2 15
25 3 6
25 4 66
25 7 73
25 10 39
25 12 67
25 13 60
25 14 39
25 15 37
25 17 52
25 18 27
26 0 5
26 1 8
26 2 19
26 3 62
26 6 31
26 10 7
26 13 16
26 14 52
26 15 22
26 16 7
26 17 8
26 18 74
26 20 6
26 21 44
26 22 7
26 23 42
26 25 12
27 4 68
27 5 11
27 9 37
27 10 8
27 12 28
27 13 49
27 14 10
27 15 55
27 16 72
27 20 44
27 21 12
27 22 15
27 23 34
27 25 35
28 2 42
28 3 52
28 4 54
28 7 68
28 10 10
28 13 70
28 16 23
28 17 36
28 21 9
28 22 46
28 25 15
29 0 5
29 2 43
29 3 56
29 4 19
29 5 62
29 9 12
29 10 5
29 11 13
29 15 20
29 16 30
29 17 75
29 18 42
29 19 12
29 20 49
29 21 29
29 23 16
29 28 34
30 1 6
30 3 69
30 6 58
30 7 17
30 11 59
30 15 43
30 18 38
30 20 67
30 26 38
30 27 56
30 29 24
31 3 36
31 5 2
31 11 16
31 12 68
31 14 44
31 15 19
31 16 51
31 17 7
31 18 44
31 19 41
31 23 7
31 24 23
31 26 64
31 27 29
31 30 7
32 1 25
32 2 61
32 3 38
32 6 45
32 8 22
32 10 29
32 11 17
32 12 22
32 13 3
32 16 6
32 22 16
32 23 60
32 24 50
32 25 72
32 30 14
32 31 7
33 0 16
33 1 6
33 3 10
33 6 34
33 7 10
33 10 52
33 12 52
33 13 63
33 14 1
33 15 59
33 16 9
33 18 24
33 23 69
33 25 70
33 28 8
33 29 39
33 32 3
34 0 8
34 1 10
34 6 50
34 8 23
34 9 75
34 11 28
34 12 28
34 13 26
34 14 14
34 17 52
34 22 61
34 23 71
34 24 67
34 27 34
34 30 65
34 32 56
34 33 42
35 0 43
35 1 30
35 2 32
35 3 69
35 4 66
35 6 30
35 7 55
35 10 53
35 11 1
35 14 39
35 15 39
35 16 32
35 17 22
35 18 30
35 20 42
35 21 16
35 22 65
35 26 38
35 31 33
35 32 34
36 1 75
36 5 65
36 6 2
36 9 52
36 11 51
36 13 50
36 15 49
36 19 51
36 21 67
36 22 68
36 23 35
36 25 73
36 26 41
36 29 5
36 30 4
36 31 24
36 32 62
36 33 35
37 5 40
37 8 33
37 10 58
37 13 50
37 17 32
37 18 58
37 20 44
37 21 60
37 24 66
37 27 8
37 28 4
37 29 13
37 32 15
37 33 73
37 34 6
37 36 8
38 0 38
38 3 12
38 4 23
38 5 66
38 6 62
38 7 48
38 8 67
38 10 62
38 14 59
38 15 37
38 18 35
38 19 54
38 20 67
38 21 35
38 24 16
38 26 7
38 29 38
38 31 44
38 34 37
38 35 20
39 0 41
39 2 59
39 4 29
39 6 26
39 10 27
39 11 20
39 14 12
39 15 63
39 17 60
39 18 72
39 20 21
39 22 51
39 23 61
39 24 61
39 27 64
39 28 14
39 29 53
39 34 9
39 35 69
40 2 35
40 5 30
40 8 15
40 10 2
40 11 13
40 12 54
40 13 36
40 16 51
40 19 11
40 22 53
40 23 31
40 24 37
40 27 8
40 28 24
40 29 47
40 31 56
40 35 3
40 36 36
40 39 29
41 0 74
41 1 25
41 2 37
41 3 38
41 4 59
41 5 58
41 6 41
41 7 17
41 10 9
41 11 38
41 12 26
41 15 59
41 17 29
41 18 25
41 20 18
41 21 15
41 23 5
41 24 39
41 26 12
41 27 20
41 28 70
41 30 24
41 32 51
41 34 20
41 35 2
41 37 48
41 40 35
42 0 26
42 3 38
42 10 64
42 12 51
42 13 72
42 14 54
42 16 42
42 19 24
42 21 75
42 23 44
42 24 50
42 25 62
42 27 66
42 30 63
42 31 8
42 33 33
42 35 19
42 36 4
42 37 52
42 38 12
42 39 27
42 40 34
43 1 58
43 2 10
43 3 10
43 5 43
43 6 47
43 8 10
43 9 71
43 10 63
43 12 28
43 13 8
43 14 66
43 17 62
43 18 50
43 20 47
43 21 14
43 24 11
43 31 71
43 32 18
43 35 26
43 37 31
43 41 34
44 2 17
44 4 19
44 5 61
44 8 24
44 12 55
44 19 61
44 21 57
44 22 34
44 25 65
44 29 29
44 31 72
44 32 11
44 34 31
44 36 27
44 40 14
44 41 13
45 0 45
45 1 27
45 6 68
45 7 75
45 8 10
45 9 19
45 10 21
45 11 6
45 12 59
45 15 15
45 16 66
45 18 60
45 22 48
45 24 39
45 25 55
45 27 44
45 29 39
45 33 9
45 34 32
45 35 44
45 36 74
45 37 47
45 38 18
45 40 15
45 41 33
46 1 11
46 2 1
46 3 10
46 7 45
46 8 8
46 10 62
46 11 37
46 12 30
46 15 62
46 16 39
46 19 39
46 21 10
46 25 60
46 26 73
46 28 75
46 30 53
46 32 71
46 33 72
46 35 45
46 37 22
46 38 53
46 39 7
46 41 33
46 42 45
47 0 30
47 1 66
47 4 2
47 9 7
47 13 26
47 15 20
47 16 57
47 18 68
47 20 47
47 22 17
47 24 65
47 26 14
47 28 35
47 32 41
47 34 54
47 37 69
47 42 39
47 43 10
47 44 2
47 46 56
48 0 60
48 1 40
48 2 43
48 3 44
48 11 13
48 12 6
48 14 24
48 16 62
48 17 59
48 18 19
48 20 34
48 24 53
48 25 37
48 26 42
48 28 44
48 31 30
48 32 57
48 34 12
48 35 20
48 37 29
48 39 42
48 40 16
48 43 2
48 44 65
48 46 62
49 0 31
49 1 6
49 2 66
49 3 62
49 4 30
49 7 8
49 8 17
49 9 70
49 10 4
49 12 11
49 13 71
49 17 57
49 18 12
49 23 12
49 28 69
49 29 17
49 30 20
49 31 60
49 32 46
49 34 52
49 35 42
49 38 34
49 39 58
49 41 14
49 43 60
49 47 47
49 48 26
50 0 26
50 1 37
50 4 61
50 5 54
50 7 64
50 9 15
50 10 20
50 12 46
50 14 62
50 15 38
50 17 10
50 19 48
50 20 59
50 23 40
50 24 64
50 26 38
50 28 42
50 30 27
50 33 45
50 34 34
50 41 20
50 47 22
51 0 56
51 1 23
51 4 75
51 11 43
51 15 75
51 16 22
51 19 52
51 21 35
51 23 61
51 24 28
51 25 16
51 28 5
51 30 13
51 31 22
51 34 45
51 37 30
51 39 3
51 40 44
51 43 61
51 45 24
51 46 65
51 49 20
51 50 62
52 0 14
52 1 46
52 2 39
52 3 73
52 6 45
52 7 40
52 8 62
52 9 53
52 10 5
52 11 21
52 14 34
52 15 2
52 17 19
52 19 8
52 20 39
52 21 21
52 22 31
52 23 25
52 25 41
52 27 74
52 28 42
52 30 45
52 31 26
52 32 54
52 33 3
52 36 38
52 37 62
52 41 59
52 43 23
52 44 53
52 46 12
52 47 31
52 49 30
52 50 23
53 0 65
53 1 71
53 2 69
53 4 72
53 5 48
53 6 11
53 9 75
53 11 51
53 12 46
53 13 41
53 15 11
53 16 9
53 25 9
53 26 39
53 27 36
53 28 34
53 29 63
53 30 35
53 32 57
53 33 7
53 38 26
53 39 54
53 40 31
53 44 43
53 46 40
53 49 22
53 52 72
54 0 48
54 3 44
54 4 71
54 5 7
54 6 50
54 7 36
54 8 33
54 9 56
54 11 75
54 14 37
54 15 8
54 16 49
54 17 22
54 18 1
54 21 58
54 23 27
54 25 47
54 26 8
54 28 28
54 29 11
54 32 74
54 33 74
54 34 69
54 36 3
54 38 9
54 47 29
54 49 14
54 50 62
54 51 28
54 52 37
55 0 5
55 4 64
55 6 42
55 7 59
55 9 68
55 11 1
55 13 67
55 16 3
55 17 24
55 19 24
55 20 10
55 22 65
55 23 56
55 24 24
55 26 3
55 27 15
55 28 45
55 29 74
55 30 51
55 31 4
55 33 50
55 34 55
55 37 34
55 38 62
55 39 23
55 43 20
55 46 75
55 47 20
55 49 23
55 50 12
55 51 26
55 54 69
56 0 25
56 1 35
56 4 26
56 5 10
56 6 16
56 7 68
56 13 28
56 14 72
56 17 45
56 18 31
56 20 28
56 24 75
56 25 73
56 27 4
56 35 68
56 36 20
56 37 24
56 38 73
56 49 8
56 50 18
56 53 65
56 54 56
56 55 52
57 1 28
57 3 19
57 4 21
57 6 7
57 8 50
57 10 14
57 13 20
57 15 59
57 17 39
57 18 30
57 24 62
57 28 12
57 34 47
57 39 23
57 41 16
57 43 45
57 46 39
57 48 27
57 51 74
57 53 27
57 55 31
58 0 66
58 2 33
58 4 23
58 12 72
58 14 47
58 15 73
58 16 2
58 17 38
58 18 33
58 23 43
58 24 73
58 25 65
58 31 22
58 32 31
58 34 25
58 37 11
58 38 38
58 39 36
58 43 53
58 48 47
58 49 65
58 50 9
58 54 3
58 55 20
58 57 29
59 0 66
59 2 42
59 5 52
59 8 66
59 11 66
59 16 60
59 18 48
59 19 24
59 21 15
59 22 11
59 23 68
59 24 73
59 25 72
59 26 73
59 27 6
59 28 30
59 29 52
59 31 65
59 34 39
59 35 21
59 37 7
59 38 7
59 40 11
59 44 15
59 45 55
59 48 20
59 50 53
59 51 73
59 52 32
59 54 36
59 57 71
59 58 30
60 1 39
60 2 57
60 3 35
60 4 50
60 5 56
60 8 37
60 9 18
60 10 53
60 11 4
60 13 44
60 15 29
60 21 4
60 22 45
60 26 41
60 27 22
60 28 38
60 30 44
60 31 18
60 33 52
60 35 20
60 36 59
60 37 49
60 40 67
60 42 24
60 43 21
60 44 60
60 45 48
60 47 12
60 50 54
60 53 68
60 54 18
60 56 33
60 57 15
60 58 45
60 59 56
61 0 74
61 1 18
61 3 16
61 5 16
61 8 67
61 9 14
61 10 18
61 12 39
61 13 17
61 14 13
61 15 51
61 16 8
61 17 26
61 18 15
61 19 64
61 20 10
61 23 50
61 26 18
61 29 24
61 31 21
61 32 25
61 33 22
61 34 47
61 37 53
61 39 60
61 43 65
61 44 65
61 48 66
61 52 72
61 54 51
61 58 62
61 59 31
61 60 4
62 1 34
62 3 28
62 5 13
62 10 59
62 11 67
62 12 10
62 13 63
62 16 27
62 17 22
62 18 50
62 19 2
62 20 24
62 21 26
62 22 63
62 23 69
62 26 14
62 27 48
62 28 57
62 29 54
62 30 12
62 31 45
62 32 73
62 33 46
62 39 20
62 40 9
62 41 19
62 42 27
62 43 32
62 44 7
62 46 2
62 48 59
62 49 75
62 50 48
62 51 4
62 58 58
62 60 60
62 61 21
63 2 64
63 3 59
63 5 65
63 9 71
63 10 14
63 11 11
63 12 8
63 15 20
63 16 14
63 17 7
63 19 42
63 20 22
63 21 8
63 22 58
63 23 14
63 25 50
63 33 19
63 36 47
63 38 71
63 40 22
63 41 36
63 42 40
63 43 8
63 44 27
63 45 61
63 46 9
63 47 11
63 49 35
63 50 34
63 52 66
63 62 54
64 1 41
64 4 28
64 7 49
64 8 31
64 9 66
64 12 62
64 15 70
64 16 55
64 17 6
64 20 31
64 24 70
64 25 50
64 26 64
64 27 32
64 30 55
64 31 67
64 36 57
64 37 16
64 38 72
64 42 10
64 45 38
64 46 60
64 47 4
64 52 49
64 54 72
64 55 39
64 60 73
64 61 22
64 62 24
65 1 67
65 2 31
65 3 12
65 4 74
65 6 1
65 10 40
65 11 41
65 12 10
65 14 12
65 15 10
65 16 47
65 17 42
65 19 34
65 20 24
65 21 70
65 22 35
65 23 25
65 24 27
65 27 27
65 28 1
65 31 6
65 33 28
65 34 45
65 41 63
65 42 61
65 44 38
65 45 26
65 46 54
65 50 44
65 52 38
65 54 33
65 55 75
65 58 30
65 60 61
66 0 75
66 1 5
66 4 53
66 5 70
66 6 10
66 9 3
66 10 62
66 13 28
66 14 2
66 19 48
66 20 40
66 25 38
66 27 40
66 28 21
66 29 26
66 35 14
66 36 68
66 37 24
66 38 42
66 39 37
66 41 46
66 44 69
66 47 57
66 48 3
66 49 16
66 50 69
66 53 26
66 54 65
66 55 12
66 58 74
66 59 55
66 60 70
66 61 42
66 62 34
66 64 26
66 65 45
67 3 37
67 5 40
67 6 33
67 7 35
67 8 55
67 9 54
67 16 56
67 17 56
67 19 73
67 20 36
67 21 26
67 23 41
67 24 22
67 29 46
67 32 44
67 33 24
67 34 73
67 37 60
67 38 15
67 39 2
67 42 49
67 43 72
67 44 26
67 46 68
67 47 64
67 50 27
67 54 43
67 55 41
67 56 24
67 60 43
67 63 73
67 64 70
67 66 25
68 2 63
68 8 49
68 10 66
68 11 36
68 12 19
68 14 13
68 15 59
68 20 11
68 21 42
68 24 73
68 27 39
68 31 52
68 33 3
68 34 24
68 37 16
68 38 21
68 39 29
68 40 20
68 41 71
68 42 11
68 47 33
68 48 57
68 49 73
68 54 41
68 55 55
68 56 35
68 57 8
68 58 14
68 59 52
68 62 70
68 63 21
68 64 39
68 66 21
69 1 18
69 3 54
69 6 33
69 7 68
69 11 42
69 12 64
69 13 1
69 14 61
69 18 47
69 19 36
69 22 54
69 23 4
69 26 39
69 28 72
69 29 2
69 33 53
69 34 66
69 38 72
69 39 13
69 41 52
69 46 17
69 47 9
69 48 30
69 50 41
69 52 15
69 53 7
69 55 9
69 59 34
69 60 22
69 61 28
69 62 21
69 64 47
69 66 42
69 67 50
