55
2 1 20
3 0 98
4 0 33
4 3 58
5 0 24
5 3 12
5 4 10
6 2 74
6 4 71
6 5 20
7 0 83
7 1 69
7 2 100
7 3 57
8 1 20
8 2 19
8 4 74
8 5 49
9 4 16
9 5 1
9 7 30
10 0 54
10 1 37
10 2 53
10 3 77
10 4 4
10 5 50
10 6 72
10 7 61
10 9 27
11 0 79
11 2 86
11 3 36
11 5 67
11 6 63
11 7 5
12 0 99
12 2 60
12 5 92
12 6 16
12 7 30
12 8 21
12 10 50
12 11 60
13 0 9
13 6 72
13 7 9
13 8 10
13 9 9
13 12 62
14 2 77
14 3 37
14 4 69
14 7 49
14 10 34
14 11 96
14 13 15
15 1 49
15 2 87
15 3 80
15 4 42
15 5 36
15 8 47
15 9 80
15 11 81
15 14 60
16 0 46
16 3 25
16 5 46
16 6 78
16 10 40
16 12 75
16 14 71
17 1 91
17 3 48
17 4 93
17 5 73
17 6 15
17 7 55
17 8 71
17 9 74
17 10 68
17 11 70
17 12 81
17 15 20
17 16 29
18 0 52
18 2 53
18 3 52
18 4 97
18 5 62
18 7 24
18 8 38
18 9 96
18 11 31
18 15 6
18 16 8
18 17 55
19 0 19
19 2 87
19 5 31
19 10 80
19 11 59
19 14 92
19 18 55
20 4 19
20 5 99
20 6 73
20 7 13
20 10 75
20 11 3
20 13 62
20 16 63
21 0 92
21 1 87
21 2 11
21 3 37
21 4 51
21 6 82
21 8 63
21 9 45
21 10 37
21 11 44
21 12 86
21 13 48
21 16 50
21 17 20
21 18 64
22 3 84
22 8 64
22 11 87
22 12 28
22 14 63
22 18 86
22 19 1
22 21 34
23 0 100
23 2 51
23 5 70
23 6 85
23 8 47
23 10 3
23 13 83
23 20 61
24 0 2
24 3 86
24 5 85
24 6 95
24 7 48
24 10 54
24 12 48
24 14 70
24 16 95
24 17 8
24 19 37
24 20 15
25 3 21
25 5 40
25 7 47
25 8 25
25 12 4
25 15 29
25 17 99
25 18 79
25 23 98
26 3 14
26 5 23
26 7 74
26 8 47
26 9 28
26 10 61
26 11 24
26 18 24
26 19 27
26 23 32
26 25 41
27 1 12
27 7 81
27 10 39
27 11 52
27 12 93
27 14 96
27 17 86
27 18 11
27 19 6
27 21 93
27 24 44
27 25 19
28 1 23
28 2 22
28 3 15
28 5 1
28 8 55
28 10 38
28 12 33
28 13 21
28 14 48
28 18 98
28 21 21
28 22 97
28 24 99
28 27 1
29 0 13
29 1 80
29 3 77
29 5 44
29 8 95
29 9 4
29 10 16
29 14 72
29 18 46
29 20 95
29 21 19
29 22 66
29 23 46
29 24 89
29 26 89
29 28 71
30 4 99
30 5 62
30 6 77
30 7 53
30 8 22
30 9 90
30 11 56
30 15 12
30 17 52
30 19 63
30 20 37
30 21 41
30 25 67
30 26 45
30 28 54
30 29 6
31 0 19
31 1 74
31 2 59
31 3 16
31 5 76
31 8 72
31 10 18
31 11 44
31 18 45
31 19 2
31 21 81
31 23 66
31 25 80
31 28 18
32 0 8
32 1 35
32 3 40
32 5 93
32 7 54
32 9 80
32 10 5
32 14 15
32 16 6
32 17 38
32 19 76
32 20 92
32 21 20
32 23 38
32 24 47
32 27 62
32 28 30
32 29 56
32 30 23
33 2 4
33 3 2
33 4 1
33 5 63
33 6 96
33 7 1
33 8 13
33 9 60
33 10 12
33 11 89
33 12 73
33 14 82
33 16 37
33 17 24
33 18 48
33 20 32
33 23 59
33 27 15
33 31 49
33 32 86
34 1 57
34 2 58
34 4 43
34 6 99
34 7 96
34 8 87
34 10 61
34 12 91
34 14 2
34 15 81
34 21 83
35 0 75
35 1 60
35 2 23
35 3 62
35 4 14
35 5 72
35 9 64
35 11 46
35 15 5
35 17 38
35 19 13
35 22 44
35 23 42
35 24 63
35 28 93
35 31 38
35 32 1
35 33 21
35 34 30
36 0 32
36 2 82
36 3 11
36 4 96
36 5 29
36 6 97
36 7 6
36 9 12
36 10 67
36 12 84
36 13 20
36 15 76
36 16 52
36 19 79
36 20 54
36 21 6
36 23 85
36 31 70
36 35 70
37 0 100
37 1 93
37 3 2
37 5 52
37 6 50
37 9 37
37 13 14
37 14 69
37 16 48
37 21 77
37 25 66
37 26 90
37 27 10
37 28 85
37 29 33
37 31 65
37 33 36
37 35 58
38 0 68
38 3 22
38 4 94
38 5 81
38 6 91
38 8 89
38 10 36
38 14 39
38 15 31
38 17 74
38 18 49
38 20 25
38 21 17
38 22 61
38 24 4
38 26 30
38 27 35
38 29 36
38 30 1
38 35 88
38 36 14
38 37 95
39 0 85
39 3 66
39 6 13
39 11 19
39 15 72
39 19 33
39 20 1
39 21 49
39 22 39
39 23 56
39 27 93
39 28 18
39 30 92
39 33 69
39 37 65
40 1 98
40 7 99
40 11 42
40 13 47
40 14 72
40 15 50
40 21 37
40 24 25
40 27 61
40 28 38
40 30 49
40 32 15
40 35 23
40 36 50
40 37 20
41 0 4
41 1 49
41 2 14
41 3 81
41 5 74
41 6 83
41 7 62
41 8 61
41 13 36
41 14 68
41 16 22
41 18 17
41 23 67
41 24 62
41 25 81
41 27 13
41 28 56
41 29 30
41 31 81
41 32 10
41 33 49
41 34 50
41 35 89
41 36 26
41 38 2
41 39 85
41 40 39
42 0 39
42 1 70
42 3 38
42 6 5
42 7 39
42 8 47
42 11 5
42 13 38
42 14 68
42 15 93
42 19 99
42 20 38
42 25 78
42 26 59
42 32 20
42 33 11
42 35 7
42 37 80
42 38 52
42 41 3
43 0 28
43 1 92
43 3 93
43 4 66
43 9 53
43 10 71
43 12 94
43 19 54
43 20 72
43 22 82
43 25 7
43 26 95
43 27 31
43 29 19
43 31 81
43 36 84
43 40 25
43 42 76
44 1 80
44 4 46
44 6 14
44 7 95
44 8 78
44 9 46
44 11 2
44 15 52
44 16 77
44 18 27
44 22 56
44 23 95
44 24 74
44 31 69
44 32 1
44 33 79
44 35 7
44 36 79
44 38 95
44 41 9
44 43 76
45 0 72
45 2 56
45 4 100
45 5 13
45 6 89
45 8 80
45 9 53
45 10 28
45 13 58
45 14 66
45 16 37
45 19 13
45 21 44
45 22 76
45 25 26
45 26 63
45 31 37
45 35 90
45 36 41
45 37 45
45 38 4
45 39 36
45 43 54
45 44 94
46 0 42
46 2 61
46 4 57
46 5 95
46 7 31
46 8 5
46 9 70
46 10 62
46 12 56
46 15 77
46 16 94
46 17 45
46 19 18
46 20 25
46 21 6
46 26 47
46 27 9
46 30 13
46 31 29
46 32 38
46 33 50
46 36 4
46 38 1
46 39 49
46 42 96
47 1 46
47 2 7
47 3 51
47 5 47
47 9 77
47 13 64
47 15 99
47 16 35
47 17 66
47 18 55
47 21 56
47 22 64
47 23 28
47 24 76
47 25 99
47 26 89
47 28 6
47 29 13
47 30 19
47 33 69
47 34 13
47 35 84
47 36 69
47 37 87
47 38 23
47 39 86
47 40 65
47 41 2
47 42 8
47 43 96
48 0 58
48 1 7
48 2 44
48 4 53
48 6 21
48 7 44
48 9 52
48 11 41
48 12 19
48 13 99
48 15 82
48 19 50
48 20 57
48 21 26
48 24 50
48 26 50
48 28 37
48 34 24
48 35 20
48 36 26
48 38 40
48 42 22
48 43 61
49 1 68
49 2 39
49 3 74
49 4 11
49 5 100
49 7 46
49 12 2
49 18 31
49 20 63
49 21 54
49 24 85
49 25 53
49 26 24
49 27 14
49 29 50
49 31 39
49 35 88
49 39 47
49 42 53
49 44 46
49 46 14
49 47 59
50 1 80
50 3 45
50 6 63
50 10 16
50 12 67
50 14 64
50 15 47
50 16 56
50 22 40
50 25 68
50 28 70
50 29 68
50 35 87
50 38 65
50 39 74
50 40 76
50 41 79
50 42 14
50 43 7
50 49 72
51 0 48
51 1 69
51 2 1
51 3 79
51 6 89
51 8 24
51 13 89
51 14 93
51 15 34
51 16 40
51 17 7
51 18 83
51 22 78
51 27 53
51 37 73
51 38 24
51 40 88
51 41 55
51 42 27
51 43 87
51 44 7
51 45 24
51 47 32
51 49 91
52 1 63
52 2 96
52 4 7
52 5 36
52 7 49
52 9 44
52 12 29
52 13 91
52 14 19
52 18 95
52 20 39
52 22 95
52 23 27
52 24 5
52 25 60
52 26 73
52 27 39
52 28 67
52 29 77
52 32 86
52 33 47
52 34 65
52 35 64
52 36 18
52 37 8
52 38 49
52 39 30
52 40 38
52 42 45
52 43 7
52 44 67
52 45 77
52 47 59
52 50 31
52 51 18
53 4 13
53 13 5
53 14 69
53 16 76
53 17 79
53 18 88
53 21 84
53 22 99
53 24 49
53 25 22
53 26 18
53 28 37
53 29 37
53 31 36
53 32 60
53 33 56
53 34 83
53 35 75
53 37 9
53 38 58
53 40 16
53 43 29
53 44 70
53 45 59
53 47 72
53 48 66
53 50 78
53 51 56
54 3 43
54 4 36
54 5 98
54 7 8
54 10 58
54 14 96
54 16 67
54 17 96
54 21 40
54 22 44
54 23 41
54 24 69
54 29 1
54 30 94
54 31 68
54 32 39
54 34 94
54 38 4
54 41 96
54 42 81
54 43 60
54 44 76
54 46 49
54 48 65
54 51 28
