70
2 1 4
3 0 6
4 0 17
5 1 7
5 2 11
5 3 1
5 4 9
6 0 20
6 3 16
6 5 22
7 0 17
7 1 1
7 2 4
7 3 8
7 4 21
7 5 6
8 3 23
8 4 23
8 7 2
9 0 2
9 1 13
9 2 21
9 3 12
9 4 23
9 5 24
9 7 22
10 0 24
10 8 6
10 9 10
11 0 14
11 4 3
11 6 18
11 9 8
11 10 8
12 0 18
12 1 6
12 4 10
12 5 19
12 6 15
12 10 3
12 11 21
13 0 1
13 1 9
13 5 25
13 6 11
13 9 25
14 1 25
14 3 4
14 4 14
14 5 9
14 6 4
14 7 20
14 8 24
14 10 17
14 11 18
14 12 14
15 0 14
15 1 10
15 6 16
15 7 9
15 9 6
15 10 6
15 14 14
16 1 11
16 3 14
16 5 4
16 7 7
16 8 17
16 9 15
16 10 17
16 11 19
16 15 2
17 5 21
17 6 7
17 7 9
17 8 5
17 9 6
17 10 1
17 11 13
17 15 14
17 16 19
18 3 12
18 5 7
18 6 21
18 9 21
18 10 25
18 11 16
18 12 3
18 13 12
18 15 6
18 17 16
19 0 2
19 2 4
19 4 7
19 5 4
19 7 4
19 10 12
19 12 20
19 14 12
19 15 16
19 16 19
20 2 10
20 3 6
20 4 13
20 5 17
20 8 14
20 11 24
20 12 10
20 14 12
20 17 13
21 0 11
21 1 19
21 2 11
21 4 23
21 6 18
21 9 17
21 10 15
21 11 13
21 12 13
21 13 13
21 14 6
21 15 11
21 16 14
21 18 15
21 20 6
22 0 17
22 1 18
22 2 23
22 3 17
22 4 12
22 7 17
22 8 21
22 11 14
22 14 8
22 15 13
22 16 21
22 18 4
22 21 13
23 1 15
23 3 15
23 4 24
23 6 11
23 8 21
23 9 17
23 10 12
23 12 14
23 13 21
23 14 23
23 19 24
23 20 6
23 21 25
24 3 22
24 9 1
24 13 3
24 14 17
24 15 1
24 18 5
24 20 8
24 22 12
25 1 18
25 3 15
25 5 4
25 7 13
25 8 2
25 9 6
25 10 23
25 12 25
25 14 3
25 16 17
25 17 2
25 18 15
25 20 10
25 23 21
25 24 23
26 3 17
26 4 3
26 6 1
26 8 22
26 9 9
26 13 12
26 14 15
26 15 2
26 19 24
26 20 21
26 25 12
27 0 23
27 1 22
27 2 22
27 3 10
27 4 19
27 6 14
27 9 1
27 12 15
27 13 11
27 15 22
27 16 12
27 19 1
27 22 3
27 25 20
28 0 13
28 1 23
28 2 10
28 3 21
28 4 1
28 8 14
28 10 12
28 12 15
28 14 23
28 17 23
28 18 25
28 20 15
28 23 19
28 25 8
28 26 25
28 27 19
29 0 2
29 1 17
29 3 15
29 4 21
29 5 16
29 6 24
29 7 7
29 8 22
29 14 18
29 15 15
29 16 19
29 22 21
29 26 20
30 1 14
30 2 18
30 3 4
30 6 22
30 7 18
30 12 19
30 13 9
30 14 19
30 15 1
30 18 14
30 20 5
30 21 19
30 22 20
30 26 10
30 27 9
30 29 18
31 0 10
31 2 17
31 3 10
31 9 5
31 10 22
31 11 22
31 12 4
31 13 10
31 14 3
31 17 21
31 18 10
31 19 14
31 25 18
31 26 11
31 28 6
31 29 6
32 0 14
32 1 14
32 4 5
32 5 24
32 8 14
32 11 1
32 15 3
32 17 6
32 18 25
32 19 19
32 21 4
32 24 15
32 25 8
32 26 3
32 29 18
32 30 9
32 31 10
33 1 10
33 2 5
33 3 16
33 4 8
33 5 21
33 6 13
33 7 8
33 8 9
33 9 18
33 10 6
33 13 18
33 14 8
33 15 8
33 17 6
33 18 15
33 20 4
33 21 7
33 23 20
33 24 15
33 25 20
33 26 18
33 28 22
33 30 3
34 0 7
34 1 21
34 2 25
34 4 18
34 6 11
34 15 1
34 21 14
34 23 3
34 24 23
34 25 9
34 28 8
34 32 5
35 2 23
35 3 9
35 5 5
35 6 7
35 8 7
35 13 14
35 18 8
35 20 17
35 21 24
35 23 1
35 24 23
35 27 25
35 28 22
35 30 4
35 32 11
35 33 12
36 0 2
36 1 4
36 2 19
36 3 7
36 7 23
36 9 10
36 10 1
36 12 16
36 15 12
36 16 13
36 19 17
36 21 2
36 23 1
36 24 22
36 26 4
36 28 3
36 31 24
36 33 7
37 0 23
37 1 11
37 2 24
37 5 16
37 6 13
37 8 13
37 9 2
37 13 5
37 15 18
37 16 2
37 18 20
37 20 4
37 21 19
37 25 11
37 28 11
37 29 13
37 30 19
37 32 13
37 33 2
38 0 5
38 1 18
38 2 1
38 3 14
38 6 18
38 10 23
38 11 1
38 12 7
38 15 1
38 16 9
38 17 17
38 18 17
38 20 17
38 25 4
38 27 12
38 29 25
38 31 10
38 35 15
38 37 20
39 0 14
39 1 23
39 2 19
39 3 2
39 4 22
39 6 11
39 7 19
39 15 1
39 18 5
39 20 20
39 21 17
39 23 4
39 24 5
39 25 24
39 28 17
39 30 9
39 31 7
39 33 11
39 34 18
39 35 22
40 0 5
40 3 23
40 5 3
40 8 16
40 9 16
40 12 22
40 15 14
40 16 20
40 20 3
40 22 5
40 25 11
40 27 6
40 31 11
40 32 7
40 35 15
40 39 15
41 2 12
41 10 12
41 12 22
41 14 24
41 15 4
41 16 19
41 18 5
41 19 20
41 22 8
41 24 18
41 35 14
41 37 6
41 38 14
41 39 8
42 2 5
42 4 24
42 5 15
42 6 10
42 8 14
42 13 1
42 16 17
42 17 7
42 19 10
42 20 12
42 21 8
42 22 23
42 25 3
42 28 6
42 29 9
42 31 23
42 32 5
42 33 11
42 37 11
42 41 14
43 0 16
43 2 16
43 5 7
43 7 22
43 9 22
43 11 14
43 12 7
43 13 23
43 14 10
43 17 1
43 21 13
43 22 11
43 24 9
43 25 21
43 26 14
43 30 11
43 32 2
43 36 1
43 38 18
43 39 6
43 40 16
43 42 20
44 2 13
44 5 1
44 6 2
44 11 23
44 12 21
44 15 3
44 18 24
44 19 19
44 22 22
44 24 18
44 25 2
44 26 16
44 27 15
44 28 3
44 31 19
44 32 10
44 33 1
44 34 20
44 37 19
44 38 5
44 40 6
45 2 4
45 4 10
45 5 25
45 9 10
45 10 13
45 18 17
45 22 6
45 24 16
45 28 11
45 30 8
45 32 15
45 33 7
45 36 2
45 37 4
45 38 16
45 40 21
45 41 1
45 42 3
45 44 21
46 0 5
46 1 1
46 2 23
46 3 15
46 11 25
46 12 3
46 14 15
46 17 20
46 18 17
46 19 25
46 20 13
46 23 10
46 26 13
46 29 13
46 30 24
46 32 23
46 35 20
46 37 6
46 40 16
46 43 20
46 44 15
46 45 11
47 0 5
47 1 7
47 2 21
47 4 18
47 9 18
47 10 10
47 11 20
47 12 23
47 14 19
47 15 17
47 17 25
47 18 8
47 24 24
47 26 20
47 29 10
47 30 1
47 34 4
47 35 1
47 37 12
47 38 2
47 39 22
47 42 20
47 45 21
48 1 9
48 3 11
48 4 18
48 5 2
48 6 6
48 9 22
48 10 14
48 13 13
48 18 1
48 21 20
48 22 13
48 24 22
48 26 16
48 27 16
48 28 8
48 29 25
48 32 4
48 33 9
48 34 1
48 35 17
48 37 17
48 41 17
48 43 18
48 46 15
49 3 11
49 4 13
49 5 12
49 9 22
49 11 2
49 13 3
49 15 19
49 16 8
49 17 22
49 18 10
49 20 20
49 23 25
49 24 7
49 25 18
49 31 5
49 33 17
49 34 25
49 38 23
49 39 5
49 40 16
49 41 12
49 42 4
49 46 7
49 47 13
50 0 14
50 2 19
50 4 17
50 5 15
50 9 12
50 10 17
50 11 18
50 13 9
50 14 1
50 15 21
50 16 4
50 17 22
50 18 24
50 21 19
50 22 20
50 26 24
50 28 3
50 29 24
50 30 7
50 32 25
50 33 16
50 34 11
50 36 17
50 38 6
50 39 16
50 40 9
50 42 5
50 43 15
50 45 16
50 46 15
50 47 16
50 48 11
50 49 2
51 0 15
51 4 9
51 5 23
51 6 14
51 7 12
51 8 5
51 11 15
51 12 3
51 13 18
51 14 3
51 17 5
51 21 16
51 23 7
51 24 17
51 25 3
51 28 10
51 30 3
51 31 7
51 32 22
51 34 19
51 35 11
51 40 5
51 42 10
51 43 22
51 44 18
51 45 21
51 46 4
52 1 10
52 5 8
52 6 2
52 8 8
52 9 20
52 10 17
52 11 15
52 15 9
52 16 1
52 19 23
52 20 10
52 22 7
52 30 19
52 31 21
52 34 1
52 39 9
52 41 1
52 42 9
52 43 5
52 45 7
52 47 18
52 49 12
52 50 12
52 51 15
53 1 23
53 2 3
53 4 21
53 6 13
53 7 1
53 11 4
53 12 22
53 13 19
53 15 17
53 16 13
53 17 9
53 18 7
53 22 11
53 23 19
53 26 22
53 27 9
53 32 17
53 33 7
53 36 16
53 37 9
53 39 7
53 41 5
53 47 8
53 50 16
53 51 17
54 2 19
54 3 10
54 5 23
54 7 2
54 9 9
54 12 13
54 13 12
54 15 25
54 16 11
54 17 1
54 18 7
54 19 11
54 20 4
54 24 2
54 25 5
54 30 1
54 32 2
54 33 7
54 34 2
54 36 17
54 38 18
54 39 21
54 40 22
54 41 16
54 42 19
54 43 6
54 45 11
54 46 3
54 49 25
54 50 7
54 52 5
54 53 23
55 0 21
55 1 13
55 2 12
55 3 14
55 4 1
55 6 2
55 8 15
55 9 8
55 10 19
55 11 17
55 12 2
55 20 16
55 24 6
55 25 22
55 26 7
55 27 20
55 30 24
55 32 4
55 33 13
55 34 18
55 35 6
55 37 20
55 39 14
55 40 12
55 42 7
55 44 3
55 47 2
55 49 18
55 50 16
55 52 11
55 53 4
56 2 19
56 3 15
56 4 21
56 5 23
56 6 12
56 8 7
56 10 22
56 11 24
56 13 9
56 14 14
56 16 10
56 19 15
56 21 5
56 23 22
56 24 1
56 25 12
56 31 10
56 33 5
56 36 20
56 37 16
56 39 10
56 44 22
56 45 1
56 46 13
56 50 5
56 51 4
56 52 19
56 53 5
56 54 20
57 1 19
57 5 5
57 8 15
57 9 15
57 10 20
57 13 21
57 14 10
57 19 5
57 21 1
57 22 5
57 26 25
57 28 2
57 29 13
57 30 3
57 33 2
57 34 11
57 38 18
57 39 21
57 43 8
57 44 20
57 45 24
57 46 22
57 49 15
57 51 14
57 53 1
57 54 4
57 55 10
57 56 23
58 1 23
58 2 22
58 6 21
58 8 15
58 9 12
58 11 18
58 13 1
58 17 17
58 18 6
58 19 4
58 22 9
58 26 13
58 29 19
58 30 8
58 31 3
58 32 3
58 33 1
58 34 20
58 36 2
58 37 23
58 39 20
58 40 8
58 41 7
58 42 11
58 43 17
58 44 17
58 50 10
58 51 4
58 53 3
58 54 22
58 55 21
58 56 14
58 57 6
59 2 23
59 4 1
59 5 7
59 6 13
59 8 25
59 12 15
59 13 23
59 15 9
59 16 18
59 18 5
59 22 18
59 23 2
59 25 15
59 26 22
59 27 9
59 28 9
59 31 19
59 32 19
59 34 22
59 36 9
59 38 1
59 40 5
59 42 7
59 46 21
59 50 7
59 52 22
59 56 23
59 57 5
59 58 10
60 2 1
60 4 2
60 7 18
60 8 18
60 15 12
60 18 12
60 19 18
60 22 14
60 23 18
60 24 23
60 25 3
60 27 18
60 28 10
60 29 12
60 30 20
60 32 23
60 33 22
60 34 22
60 39 4
60 40 18
60 42 8
60 44 20
60 48 22
60 50 20
60 51 5
60 53 22
60 56 10
60 57 3
60 58 3
60 59 9
61 1 20
61 2 6
61 3 10
61 4 22
61 12 6
61 13 6
61 16 23
61 17 22
61 18 18
61 19 25
61 21 11
61 22 12
61 24 18
61 25 19
61 27 5
61 28 8
61 29 17
61 34 16
61 35 24
61 36 24
61 37 4
61 42 24
61 44 11
61 45 9
61 46 6
61 47 17
61 48 8
61 49 7
61 51 19
61 52 15
61 56 12
61 59 11
61 60 24
62 1 12
62 3 13
62 4 14
62 5 16
62 6 11
62 7 21
62 9 20
62 10 17
62 13 25
62 15 21
62 16 6
62 20 21
62 21 4
62 24 1
62 26 11
62 27 14
62 28 20
62 30 21
62 42 11
62 43 22
62 49 21
62 50 11
62 52 21
62 54 15
62 56 15
62 57 24
62 58 8
62 59 18
62 60 24
63 0 18
63 1 1
63 2 12
63 5 8
63 6 13
63 8 11
63 9 21
63 11 4
63 12 10
63 13 23
63 15 7
63 19 16
63 20 9
63 21 3
63 23 2
63 24 19
63 27 14
63 28 23
63 29 18
63 30 16
63 31 10
63 35 13
63 41 7
63 42 23
63 44 14
63 47 23
63 48 7
63 50 20
63 51 19
63 56 11
63 57 14
63 58 16
63 60 17
63 61 11
63 62 17
64 1 7
64 4 5
64 5 4
64 6 22
64 7 24
64 8 19
64 9 17
64 11 5
64 13 25
64 14 24
64 15 6
64 16 2
64 19 23
64 20 17
64 21 16
64 23 19
64 24 15
64 26 20
64 27 1
64 29 7
64 30 18
64 32 20
64 33 22
64 34 25
64 35 19
64 37 11
64 39 4
64 46 25
64 49 8
64 51 7
64 52 4
64 53 3
64 55 12
64 58 5
64 61 15
64 62 17
64 63 9
65 1 11
65 3 17
65 4 19
65 5 4
65 10 25
65 13 16
65 15 21
65 16 8
65 19 9
65 26 22
65 27 18
65 30 5
65 31 24
65 32 24
65 33 5
65 34 24
65 38 25
65 39 12
65 40 16
65 41 7
65 42 1
65 43 6
65 44 25
65 45 4
65 46 18
65 48 12
65 53 9
65 54 19
65 56 9
65 57 23
65 58 3
65 59 15
65 60 14
65 61 13
65 63 22
66 0 21
66 1 2
66 2 14
66 12 18
66 13 3
66 18 25
66 20 18
66 24 7
66 25 6
66 30 5
66 32 23
66 33 10
66 41 22
66 42 15
66 44 17
66 47 15
66 48 2
66 50 8
66 51 1
66 53 8
66 55 10
66 57 8
66 58 22
66 59 18
66 60 2
66 61 5
66 62 21
66 63 12
66 64 17
66 65 9
67 0 3
67 2 24
67 3 21
67 4 2
67 5 1
67 7 20
67 9 15
67 18 21
67 19 7
67 21 20
67 23 3
67 25 14
67 29 16
67 31 10
67 33 7
67 35 7
67 37 25
67 41 4
67 42 14
67 46 14
67 47 12
67 48 6
67 49 15
67 50 2
67 52 10
67 53 14
67 55 4
67 56 4
67 57 4
67 60 6
67 61 25
67 63 1
67 65 3
68 0 8
68 2 21
68 3 4
68 4 4
68 5 13
68 9 20
68 10 18
68 12 5
68 14 20
68 15 9
68 16 10
68 17 5
68 18 3
68 20 17
68 22 4
68 23 21
68 27 8
68 29 10
68 30 17
68 31 16
68 35 24
68 37 22
68 38 17
68 39 5
68 40 5
68 42 9
68 44 4
68 46 17
68 47 19
68 49 5
68 52 8
68 56 23
68 57 1
68 59 21
68 60 23
68 61 23
68 63 1
68 64 17
68 66 21
68 67 11
69 0 20
69 2 4
69 6 17
69 7 25
69 11 1
69 13 25
69 14 17
69 16 24
69 18 19
69 21 2
69 23 13
69 24 11
69 29 12
69 30 10
69 31 23
69 32 14
69 33 6
69 36 13
69 38 11
69 44 22
69 46 15
69 47 20
69 48 18
69 49 16
69 50 7
69 52 6
69 59 23
69 60 18
69 62 6
69 63 9
69 66 21
69 68 4
