55
2 0 23
2 1 1
3 2 33
4 0 21
4 2 65
5 2 23
5 3 62
5 4 67
6 1 15
6 3 49
7 1 70
7 2 36
7 4 31
7 5 23
8 0 64
8 2 44
8 3 12
8 4 21
8 6 16
8 7 64
9 0 24
9 2 31
9 3 55
9 4 3
9 7 35
9 8 2
10 0 5
10 9 51
11 1 45
11 3 7
11 4 49
11 7 20
11 9 36
12 0 24
12 1 43
12 2 32
12 3 50
12 4 44
12 5 41
12 6 26
12 8 12
12 10 12
12 11 20
13 0 51
13 10 21
13 11 34
14 0 25
14 1 68
14 3 53
14 4 60
14 5 52
14 6 50
14 7 6
14 11 73
14 12 14
14 13 5
15 0 4
15 1 70
15 2 18
15 3 9
15 4 28
15 6 55
15 7 68
15 9 44
15 10 21
15 11 15
15 12 45
15 13 9
16 0 25
16 1 42
16 3 19
16 6 39
16 7 75
16 9 31
16 10 58
16 11 22
17 0 65
17 1 28
17 4 32
17 5 18
17 11 19
17 12 52
18 3 1
18 4 32
18 6 25
18 9 62
18 11 18
18 12 22
18 15 69
18 16 15
19 0 73
19 1 9
19 2 41
19 4 35
19 9 74
19 11 59
19 16 70
20 4 29
20 6 9
20 8 10
20 10 23
20 11 6
20 14 11
20 17 21
20 18 24
21 8 21
21 12 36
21 13 57
21 14 11
21 15 18
21 18 50
21 20 46
22 1 19
22 2 62
22 3 15
22 4 6
22 8 60
22 12 3
22 14 65
22 15 63
22 17 51
22 18 33
22 19 49
22 21 56
23 1 45
23 2 14
23 3 71
23 8 15
23 11 62
23 12 29
23 15 52
23 18 59
23 19 62
23 20 37
23 21 67
24 2 25
24 3 55
24 4 30
24 6 9
24 7 40
24 10 52
24 11 15
24 13 19
24 15 9
24 16 6
24 18 20
24 19 58
24 21 41
24 23 51
25 0 41
25 1 37
25 5 8
25 6 17
25 7 56
25 9 26
25 13 37
25 15 61
25 19 14
25 20 32
25 22 68
25 23 69
26 0 74
26 2 53
26 4 20
26 6 61
26 8 16
26 9 5
26 10 18
26 12 58
26 14 28
26 15 6
26 17 13
26 18 40
26 19 51
26 23 57
26 24 35
27 1 13
27 2 25
27 4 31
27 5 73
27 6 21
27 10 32
27 13 58
27 14 42
27 15 9
27 23 40
27 26 49
28 2 27
28 5 2
28 7 46
28 8 72
28 11 72
28 15 2
28 16 12
28 18 37
28 20 19
28 22 68
28 23 7
28 24 2
29 1 52
29 6 51
29 8 40
29 9 1
29 10 22
29 11 61
29 12 9
29 13 73
29 14 69
29 15 7
29 16 15
29 17 72
29 18 39
29 19 23
29 22 54
29 24 44
29 25 56
30 4 27
30 5 49
30 6 1
30 7 50
30 9 2
30 10 6
30 12 33
30 16 26
30 19 9
30 20 48
30 21 49
30 22 46
30 25 73
30 28 9
30 29 46
31 0 59
31 3 18
31 4 29
31 5 55
31 8 11
31 11 7
31 12 67
31 13 17
31 14 37
31 15 13
31 16 60
31 18 35
31 20 38
31 22 43
31 24 50
31 27 32
31 29 66
31 30 41
32 0 25
32 2 59
32 4 12
32 5 34
32 6 8
32 10 64
32 11 23
32 12 53
32 13 37
32 17 57
32 18 43
32 19 71
32 21 58
32 23 21
32 26 48
32 27 23
32 28 72
32 29 24
32 30 41
32 31 35
33 6 23
33 9 3
33 11 45
33 12 19
33 13 59
33 15 42
33 18 53
33 21 11
33 22 11
33 23 52
33 24 54
33 25 20
33 28 33
33 30 21
33 31 53
34 1 41
34 5 47
34 6 19
34 7 50
34 8 5
34 10 23
34 12 55
34 13 43
34 14 54
34 16 13
34 17 18
34 20 61
34 21 57
34 22 46
34 25 35
34 26 66
34 28 55
34 29 7
34 30 26
34 31 69
35 0 74
35 1 18
35 2 45
35 3 6
35 4 13
35 6 60
35 8 74
35 9 8
35 11 57
35 12 41
35 14 41
35 15 56
35 16 50
35 19 1
35 20 6
35 22 13
35 24 14
35 25 57
35 26 63
35 27 58
35 28 24
35 32 53
36 1 51
36 8 11
36 11 30
36 13 12
36 15 44
36 19 75
36 20 41
36 21 51
36 23 61
36 27 9
36 28 20
36 29 42
36 31 28
37 0 25
37 1 48
37 2 48
37 6 67
37 10 44
37 12 20
37 17 29
37 20 24
37 21 32
37 24 6
37 28 7
37 29 13
37 30 69
37 31 60
37 36 25
38 2 41
38 5 48
38 6 64
38 9 59
38 10 58
38 11 67
38 15 63
38 17 66
38 19 17
38 22 50
38 23 52
38 24 27
38 25 51
38 32 29
38 35 13
38 36 9
39 1 22
39 2 52
39 3 17
39 6 58
39 8 46
39 12 35
39 14 43
39 15 75
39 18 67
39 20 36
39 21 72
39 22 33
39 24 40
39 25 42
39 26 1
39 35 22
39 37 12
40 1 58
40 3 9
40 4 68
40 5 60
40 6 70
40 7 36
40 10 5
40 12 14
40 15 58
40 18 51
40 20 28
40 21 6
40 23 64
40 24 28
40 26 23
40 28 1
40 31 2
40 32 60
40 33 30
40 38 21
40 39 23
41 0 31
41 4 7
41 6 7
41 9 11
41 13 43
41 17 21
41 21 55
41 27 35
41 29 21
41 30 26
41 31 52
41 34 60
41 35 23
41 38 61
42 0 69
42 1 52
42 2 38
42 4 55
42 5 56
42 11 18
42 13 25
42 14 51
42 15 61
42 16 8
42 19 30
42 23 36
42 24 27
42 27 25
42 29 25
42 30 41
42 32 59
42 33 57
42 35 73
42 36 49
42 38 20
42 39 12
42 41 33
43 0 60
43 3 69
43 4 74
43 6 47
43 7 55
43 8 4
43 9 63
43 12 56
43 13 70
43 15 53
43 22 39
43 23 25
43 25 59
43 26 1
43 27 49
43 28 43
43 34 63
43 35 8
43 37 57
43 40 6
44 0 48
44 3 43
44 4 8
44 7 75
44 8 36
44 9 34
44 13 10
44 15 71
44 16 63
44 17 31
44 21 50
44 23 53
44 24 37
44 26 13
44 27 57
44 28 44
44 29 2
44 31 65
44 32 70
44 34 58
44 35 63
44 36 10
44 40 60
44 41 75
44 42 30
45 0 30
45 1 67
45 2 54
45 3 22
45 4 39
45 7 27
45 9 66
45 11 29
45 12 30
45 14 2
45 15 51
45 19 3
45 22 17
45 23 7
45 24 56
45 26 45
45 35 25
45 36 14
45 40 38
45 42 46
45 43 75
46 1 66
46 3 74
46 4 29
46 6 4
46 7 5
46 9 26
46 10 7
46 12 38
46 13 68
46 14 2
46 15 52
46 17 45
46 20 74
46 21 72
46 23 27
46 24 55
46 25 63
46 27 26
46 29 41
46 31 17
46 33 31
46 36 2
46 40 5
46 42 30
47 0 41
47 1 64
47 4 19
47 5 40
47 7 16
47 10 65
47 11 28
47 14 37
47 16 1
47 17 47
47 28 68
47 30 4
47 35 57
47 36 15
47 37 60
47 39 34
47 41 24
47 46 7
48 1 51
48 4 73
48 5 29
48 6 24
48 7 31
48 9 25
48 10 25
48 12 63
48 14 2
48 15 73
48 16 43
48 20 20
48 21 37
48 22 65
48 24 37
48 25 60
48 28 3
48 33 29
48 35 16
48 36 9
48 38 5
48 40 34
48 41 48
48 42 39
48 47 42
49 0 16
49 1 13
49 2 71
49 3 57
49 7 62
49 9 28
49 10 60
49 15 4
49 17 22
49 18 21
49 19 19
49 28 28
49 29 28
49 31 14
49 32 20
49 34 75
49 36 8
49 41 55
49 43 10
49 47 20
50 0 57
50 3 2
50 4 64
50 5 74
50 6 64
50 9 59
50 11 18
50 12 8
50 13 10
50 15 65
50 17 56
50 18 67
50 19 31
50 20 58
50 21 29
50 23 43
50 24 61
50 27 9
50 29 21
50 31 17
50 33 73
50 44 67
50 47 58
50 48 59
51 0 25
51 1 43
51 3 61
51 4 42
51 9 55
51 10 74
51 11 4
51 12 26
51 13 74
51 14 57
51 15 64
51 19 24
51 20 54
51 21 67
51 22 55
51 27 61
51 29 35
51 30 31
51 31 5
51 34 39
51 37 8
51 40 24
51 42 7
51 43 13
51 46 68
51 47 68
51 50 24
52 3 35
52 4 58
52 5 71
52 8 1
52 11 20
52 13 31
52 15 64
52 18 64
52 20 63
52 23 51
52 25 12
52 28 31
52 30 43
52 33 24
52 35 17
52 38 55
52 39 34
52 41 26
52 42 65
52 44 4
52 47 14
52 49 36
53 2 36
53 4 6
53 6 25
53 7 14
53 8 11
53 12 64
53 13 10
53 14 72
53 15 74
53 16 50
53 20 43
53 23 45
53 24 8
53 25 17
53 26 64
53 32 18
53 33 56
53 34 7
53 35 38
53 38 13
53 39 20
53 40 56
53 41 35
53 42 13
53 45 4
53 47 29
53 50 67
54 0 8
54 2 75
54 3 58
54 5 37
54 6 20
54 7 4
54 16 58
54 22 48
54 25 10
54 26 20
54 29 14
54 30 57
54 31 38
54 34 65
54 39 30
54 41 11
54 42 23
54 43 5
54 46 20
54 50 14
54 53 61
