70
1 0 24
2 0 9
2 1 13
3 0 25
3 1 6
3 2 26
4 0 16
4 1 50
5 2 28
6 1 22
6 2 23
6 3 19
7 0 8
7 1 10
7 2 26
7 4 36
8 1 1
8 2 11
9 0 3
9 1 24
9 2 30
9 3 30
9 5 7
10 2 39
10 3 3
10 6 40
10 8 8
10 9 26
11 1 11
11 4 14
11 6 24
11 7 26
11 10 45
12 0 27
12 1 27
12 4 9
12 5 3
12 6 49
12 8 40
12 10 11
12 11 40
13 0 15
13 1 9
13 2 45
13 5 13
13 6 36
13 10 18
13 12 50
14 1 42
14 3 8
14 7 17
14 8 42
14 10 33
14 11 30
14 12 18
14 13 5
15 0 22
15 2 47
15 4 49
15 5 28
15 6 15
15 9 12
15 10 13
15 13 11
16 3 32
16 6 11
16 7 23
16 8 5
16 10 39
16 14 12
17 0 12
17 1 27
17 2 29
17 3 27
17 5 29
17 6 33
17 8 43
17 10 15
17 12 8
17 13 50
17 15 44
18 3 43
18 4 4
18 7 13
18 8 26
18 10 43
18 12 29
18 17 9
19 0 3
19 6 45
19 7 6
19 8 38
19 10 21
19 11 16
19 12 47
19 13 42
19 16 49
19 18 33
20 0 22
20 3 22
20 4 43
20 5 43
20 6 15
20 7 22
20 9 46
20 12 10
20 14 1
20 15 10
20 17 30
20 19 38
21 1 12
21 6 45
21 7 36
21 9 3
21 11 50
21 14 43
21 17 10
22 0 4
22 4 23
22 5 33
22 6 20
22 7 1
22 10 16
22 12 40
22 13 19
22 16 36
22 18 30
22 19 1
22 20 6
23 0 34
23 1 45
23 4 29
23 6 23
23 9 9
23 10 2
23 12 19
23 14 14
23 15 22
23 19 46
23 20 21
24 1 30
24 2 22
24 5 22
24 6 24
24 7 1
24 8 47
24 9 39
24 10 22
24 11 10
24 16 17
24 17 36
24 20 47
24 23 13
25 0 11
25 1 15
25 6 21
25 7 45
25 8 46
25 12 4
25 13 12
25 14 34
25 15 49
25 17 16
25 21 24
25 24 45
26 3 23
26 4 19
26 5 43
26 6 5
26 8 27
26 10 46
26 12 7
26 15 4
26 16 21
26 21 35
26 23 19
26 24 37
27 1 11
27 2 41
27 4 11
27 5 13
27 14 6
27 15 24
27 16 39
27 17 42
27 19 22
27 21 43
28 2 30
28 3 40
28 4 39
28 7 5
28 9 2
28 15 48
28 17 24
28 19 13
28 24 39
28 26 43
28 27 13
29 2 13
29 3 30
29 4 24
29 6 4
29 7 30
29 11 44
29 13 35
29 16 29
29 17 22
29 20 15
29 23 22
29 27 5
30 0 8
30 1 10
30 3 12
30 4 14
30 5 37
30 7 19
30 8 49
30 10 3
30 11 8
30 12 48
30 14 43
30 21 15
30 23 19
30 24 39
30 26 2
30 28 20
31 0 31
31 3 38
31 4 19
31 5 31
31 6 39
31 8 41
31 9 31
31 10 41
31 11 13
31 13 39
31 14 10
31 16 46
31 17 29
31 20 46
31 23 10
31 25 32
31 27 1
31 28 46
32 1 2
32 3 10
32 4 6
32 6 49
32 7 44
32 9 41
32 13 34
32 16 44
32 17 1
32 18 15
32 20 22
32 22 5
32 30 11
32 31 50
33 1 2
33 5 44
33 9 45
33 11 13
33 14 7
33 16 46
33 18 19
33 21 27
33 22 35
33 26 11
33 27 13
33 28 26
33 29 8
34 0 2
34 3 43
34 5 20
34 6 43
34 8 32
34 12 39
34 16 20
34 17 8
34 19 15
34 22 39
34 26 43
34 29 25
34 30 38
34 31 34
35 0 24
35 1 36
35 3 9
35 6 43
35 9 20
35 10 42
35 11 10
35 12 47
35 15 29
35 16 19
35 17 26
35 21 8
35 23 26
35 24 32
35 25 36
35 30 49
35 34 23
36 1 18
36 2 23
36 7 15
36 8 3
36 9 30
36 10 2
36 11 12
36 12 50
36 13 46
36 15 6
36 16 41
36 17 41
36 19 25
36 23 25
36 24 37
36 26 4
36 27 9
36 28 40
36 30 37
36 31 50
36 32 11
36 34 25
37 0 24
37 1 20
37 3 38
37 4 19
37 9 45
37 12 25
37 14 36
37 20 37
37 22 30
37 23 21
37 24 9
37 29 20
37 30 49
37 32 50
37 35 47
38 0 4
38 1 43
38 2 32
38 5 15
38 7 10
38 9 30
38 12 50
38 13 37
38 15 50
38 20 5
38 21 44
38 22 25
38 24 30
38 28 26
38 30 14
38 31 35
38 33 27
38 35 2
38 37 44
39 0 13
39 1 39
39 4 48
39 5 28
39 8 38
39 9 40
39 10 10
39 14 26
39 15 15
39 16 9
39 17 43
39 18 5
39 21 47
39 23 29
39 24 17
39 26 17
39 28 31
39 32 9
39 33 27
39 34 36
40 1 1
40 2 10
40 3 13
40 8 42
40 10 3
40 11 25
40 12 27
40 13 36
40 15 26
40 16 36
40 17 43
40 19 50
40 20 47
40 21 25
40 22 41
40 26 23
40 31 33
40 32 4
40 34 12
40 36 30
40 38 30
41 0 49
41 3 31
41 7 43
41 8 48
41 10 29
41 12 13
41 13 24
41 14 50
41 16 39
41 17 21
41 22 26
41 27 18
41 28 27
41 29 17
41 30 44
41 32 29
41 33 45
41 34 16
41 35 18
41 36 36
41 37 22
42 1 34
42 2 48
42 3 39
42 4 16
42 7 39
42 9 32
42 10 40
42 11 9
42 14 41
42 15 35
42 16 33
42 19 1
42 20 48
42 21 20
42 22 8
42 23 26
42 27 23
42 30 34
42 33 41
42 34 36
42 35 19
42 37 45
42 41 36
43 0 40
43 1 46
43 3 47
43 5 14
43 6 8
43 7 12
43 8 15
43 9 6
43 11 44
43 13 12
43 14 3
43 18 42
43 22 3
43 23 12
43 25 35
43 27 9
43 28 25
43 34 8
43 35 6
43 36 7
43 38 14
43 39 30
43 41 37
43 42 10
44 0 20
44 1 34
44 2 3
44 9 11
44 10 14
44 12 1
44 18 27
44 22 20
44 24 30
44 27 15
44 29 24
44 30 38
44 31 49
44 34 17
44 35 28
44 36 22
44 40 34
44 41 22
45 0 20
45 1 22
45 2 24
45 4 45
45 5 22
45 8 22
45 10 13
45 11 2
45 13 30
45 17 23
45 19 37
45 20 32
45 21 28
45 24 50
45 25 13
45 27 16
45 28 23
45 30 43
45 31 50
45 33 14
45 35 23
45 36 47
45 40 17
46 1 46
46 2 21
46 3 48
46 5 39
46 8 30
46 9 39
46 10 26
46 12 17
46 13 4
46 14 25
46 15 34
46 16 20
46 20 7
46 24 12
46 27 13
46 28 18
46 30 10
46 35 29
46 36 23
46 37 50
46 38 48
46 39 5
46 41 29
46 43 6
46 44 32
46 45 13
47 2 46
47 3 33
47 4 7
47 6 7
47 8 8
47 11 42
47 13 31
47 14 15
47 15 37
47 16 13
47 17 22
47 21 15
47 24 25
47 28 21
47 30 25
47 32 39
47 36 26
47 38 50
47 39 22
47 40 50
47 41 50
47 42 32
47 43 37
47 46 28
48 2 18
48 4 15
48 5 27
48 9 32
48 10 2
48 11 46
48 13 1
48 16 40
48 17 12
48 18 26
48 20 50
48 22 21
48 23 28
48 24 43
48 25 49
48 32 35
48 34 29
48 40 46
48 41 2
48 42 14
48 45 27
48 46 4
49 0 7
49 1 22
49 4 41
49 6 2
49 8 37
49 9 42
49 11 21
49 12 21
49 13 32
49 15 7
49 17 45
49 19 50
49 20 12
49 21 45
49 28 19
49 29 19
49 32 40
49 33 48
49 34 35
49 36 33
49 37 9
49 38 16
49 40 36
49 41 42
49 42 37
49 43 10
49 44 50
49 45 36
49 48 5
50 0 37
50 3 27
50 5 38
50 8 32
50 10 24
50 13 42
50 14 20
50 19 8
50 20 19
50 21 13
50 22 37
50 23 15
50 24 4
50 25 41
50 26 48
50 27 1
50 28 31
50 34 22
50 36 46
50 38 39
51 2 27
51 4 11
51 10 42
51 11 45
51 12 31
51 13 17
51 14 1
51 16 6
51 17 46
51 19 25
51 20 43
51 22 27
51 23 26
51 26 35
51 28 31
51 29 37
51 31 16
51 33 27
51 35 25
51 36 48
51 37 30
51 40 3
51 44 37
51 47 32
51 49 9
51 50 5
52 0 27
52 4 16
52 6 13
52 8 12
52 9 16
52 10 11
52 13 26
52 14 20
52 17 29
52 18 25
52 20 22
52 26 50
52 27 33
52 28 11
52 31 5
52 32 15
52 39 7
52 41 7
52 42 10
52 43 2
52 44 6
52 46 3
52 48 34
52 50 31
52 51 36
53 1 25
53 3 12
53 5 11
53 9 5
53 10 14
53 12 17
53 13 20
53 15 10
53 16 32
53 19 1
53 20 32
53 21 50
53 30 42
53 32 9
53 33 32
53 34 22
53 35 22
53 37 45
53 40 37
53 44 34
53 48 29
53 49 24
53 50 27
53 51 30
54 1 50
54 4 23
54 7 37
54 10 34
54 12 46
54 17 1
54 19 29
54 22 23
54 23 11
54 24 2
54 25 19
54 26 13
54 27 42
54 28 46
54 31 12
54 32 3
54 33 23
54 34 8
54 35 14
54 37 47
54 38 12
54 42 28
54 44 24
54 46 24
54 47 48
54 48 11
54 49 39
54 50 11
54 52 34
54 53 21
55 0 33
55 1 11
55 2 41
55 6 46
55 12 47
55 16 3
55 17 31
55 18 26
55 19 50
55 23 39
55 26 16
55 27 39
55 28 41
55 29 11
55 31 45
55 32 4
55 34 43
55 36 45
55 37 37
55 39 18
55 40 29
55 41 47
55 43 25
55 46 16
55 47 13
55 48 36
55 49 11
56 1 15
56 7 7
56 10 22
56 11 30
56 14 34
56 16 28
56 19 50
56 20 7
56 22 25
56 23 50
56 24 35
56 26 40
56 27 14
56 28 23
56 31 15
56 32 8
56 33 32
56 34 13
56 35 27
56 36 49
56 37 35
56 38 5
56 39 2
56 44 18
56 46 23
56 51 32
56 53 1
57 0 42
57 4 30
57 5 46
57 6 17
57 8 23
57 10 43
57 13 33
57 15 9
57 18 5
57 20 20
57 21 8
57 22 26
57 25 6
57 27 38
57 35 34
57 36 36
57 37 34
57 38 27
57 39 3
57 40 4
57 42 21
57 43 29
57 46 38
57 50 39
57 52 29
57 54 1
57 55 27
58 0 25
58 1 22
58 2 42
58 4 21
58 5 41
58 6 31
58 9 30
58 14 46
58 15 6
58 18 28
58 19 34
58 22 29
58 25 40
58 26 17
58 27 38
58 34 40
58 37 14
58 38 46
58 41 17
58 44 24
58 45 28
58 49 8
58 51 28
58 53 47
58 54 24
59 0 7
59 1 47
59 7 29
59 9 4
59 11 7
59 12 44
59 16 47
59 17 16
59 18 18
59 19 5
59 20 43
59 21 48
59 23 10
59 24 25
59 26 40
59 28 32
59 29 2
59 30 40
59 31 21
59 32 8
59 33 22
59 36 4
59 38 49
59 39 8
59 40 43
59 46 38
59 51 15
59 52 32
59 53 41
59 57 28
60 5 31
60 9 34
60 10 1
60 11 46
60 13 27
60 15 34
60 17 32
60 21 41
60 23 33
60 25 27
60 26 47
60 27 17
60 28 6
60 29 15
60 30 47
60 31 28
60 34 7
60 36 19
60 37 27
60 38 5
60 40 11
60 42 48
60 44 49
60 46 50
60 48 29
60 52 29
60 53 45
60 54 11
60 55 31
60 58 4
61 1 29
61 2 41
61 3 29
61 7 25
61 10 43
61 11 11
61 14 45
61 15 10
61 18 48
61 19 50
61 20 5
61 24 47
61 26 46
61 30 32
61 38 47
61 40 35
61 41 1
61 45 39
61 47 29
61 50 48
61 51 35
61 54 45
61 55 8
61 58 42
61 60 9
62 4 7
62 6 33
62 10 5
62 12 31
62 13 6
62 14 22
62 15 7
62 16 28
62 18 21
62 22 15
62 24 46
62 27 40
62 30 36
62 31 35
62 34 50
62 39 4
62 40 44
62 42 44
62 46 44
62 52 27
62 59 20
62 60 28
63 2 2
63 4 32
63 9 33
63 10 25
63 11 34
63 12 24
63 18 16
63 19 3
63 20 28
63 21 27
63 22 17
63 25 32
63 26 3
63 28 42
63 32 38
63 33 6
63 41 19
63 42 32
63 43 16
63 44 23
63 45 22
63 47 44
63 48 49
63 49 50
63 51 4
63 53 42
63 59 33
63 60 42
63 61 40
63 62 38
64 0 29
64 2 3
64 7 17
64 9 8
64 10 1
64 11 16
64 15 46
64 19 47
64 26 43
64 27 36
64 31 50
64 32 39
64 33 35
64 34 25
64 35 41
64 36 48
64 37 37
64 38 7
64 41 32
64 42 5
64 50 16
64 51 42
64 55 2
64 56 3
64 58 39
64 59 20
64 62 8
64 63 19
65 0 39
65 2 3
65 5 44
65 6 25
65 7 23
65 8 20
65 9 49
65 12 19
65 14 23
65 17 22
65 18 17
65 20 47
65 23 10
65 24 26
65 25 1
65 27 11
65 30 32
65 31 14
65 34 31
65 35 26
65 36 2
65 37 47
65 40 43
65 41 19
65 46 24
65 49 12
65 51 21
65 52 33
65 53 14
65 55 7
65 60 26
65 61 46
65 64 50
66 0 9
66 1 38
66 4 32
66 5 49
66 6 46
66 9 32
66 10 27
66 11 15
66 12 4
66 15 47
66 21 32
66 23 6
66 26 28
66 28 34
66 29 26
66 31 9
66 32 36
66 34 46
66 35 45
66 39 41
66 41 8
66 44 38
66 46 43
66 48 1
66 49 21
66 50 14
66 55 31
66 57 48
66 58 29
66 59 49
66 61 43
66 62 4
66 63 49
66 65 3
67 4 25
67 6 49
67 7 45
67 8 35
67 9 28
67 11 24
67 14 6
67 15 36
67 19 43
67 21 4
67 22 20
67 24 37
67 29 3
67 30 10
67 31 23
67 32 9
67 36 9
67 37 18
67 38 28
67 39 45
67 40 46
67 41 34
67 42 38
67 43 4
67 48 7
67 49 5
67 51 35
67 52 4
67 53 28
67 56 6
67 59 3
67 61 14
67 62 39
67 63 11
67 64 24
67 65 23
68 1 14
68 3 18
68 4 17
68 6 41
68 8 28
68 9 6
68 12 16
68 14 14
68 16 30
68 19 22
68 21 6
68 22 14
68 24 33
68 25 26
68 27 32
68 30 10
68 31 18
68 34 12
68 38 11
68 40 42
68 42 9
68 44 15
68 46 37
68 48 18
68 49 11
68 52 7
68 53 48
68 56 39
68 58 12
68 61 21
68 62 37
68 63 6
68 64 6
68 65 7
68 67 40
69 0 44
69 1 37
69 2 45
69 3 47
69 5 38
69 6 23
69 7 32
69 8 20
69 9 36
69 10 14
69 11 7
69 12 48
69 14 7
69 17 6
69 19 36
69 20 38
69 21 13
69 22 32
69 23 50
69 24 8
69 27 34
69 28 44
69 29 19
69 30 37
69 32 48
69 33 39
69 34 35
69 35 42
69 37 10
69 40 38
69 41 14
69 44 25
69 47 48
69 48 5
69 49 16
69 50 7
69 51 20
69 56 43
69 57 1
69 58 22
69 60 36
69 61 1
69 62 14
69 63 10
69 64 42
69 65 36
69 67 48
69 68 8
