55
1 0 24
2 1 22
3 1 9
4 1 20
4 2 1
5 1 17
5 4 1
6 0 25
6 1 20
6 2 1
6 3 2
6 4 9
6 5 23
7 1 10
7 2 24
7 3 2
7 4 13
7 6 24
8 0 5
8 2 24
8 3 4
8 5 1
8 6 3
9 2 7
9 3 18
9 5 22
9 7 8
9 8 14
10 0 3
10 3 3
10 5 23
10 8 11
10 9 5
11 0 6
11 2 4
11 3 22
11 4 8
11 5 21
11 6 22
11 10 12
12 0 6
12 3 22
12 6 11
12 8 25
12 10 16
13 0 23
13 1 7
13 2 18
13 5 4
13 9 8
13 10 11
13 11 14
13 12 18
14 1 2
14 3 19
14 6 11
14 7 13
14 11 19
14 13 16
15 1 25
15 2 20
15 3 18
15 5 17
15 6 11
15 7 8
15 8 12
15 9 16
15 14 21
16 0 25
16 2 19
16 5 10
16 6 11
16 9 20
16 10 19
16 11 12
16 14 3
17 1 20
17 3 17
17 6 6
17 9 13
17 14 14
18 0 8
18 1 7
18 2 1
18 10 20
18 12 15
18 13 22
18 14 8
18 16 24
19 0 10
19 3 5
19 4 18
19 6 18
19 10 22
19 14 13
20 1 11
20 3 5
20 4 15
20 5 17
20 7 18
20 8 9
20 9 20
20 10 13
20 13 11
20 14 12
20 17 21
20 19 9
21 1 23
21 2 11
21 6 14
21 7 5
21 9 19
21 11 25
21 12 5
21 14 17
21 15 13
21 16 8
21 18 14
21 20 9
22 0 9
22 1 22
22 5 9
22 11 2
22 14 1
22 19 5
22 20 10
23 1 24
23 2 17
23 3 15
23 4 23
23 5 12
23 8 9
23 10 23
23 13 17
23 16 25
23 17 12
23 21 14
23 22 12
24 0 11
24 1 2
24 2 8
24 3 25
24 6 9
24 9 15
24 10 6
24 11 24
24 14 14
24 16 5
24 20 16
25 0 4
25 1 15
25 2 14
25 4 3
25 5 25
25 8 8
25 9 11
25 10 9
25 14 1
25 17 24
25 19 20
25 21 25
26 0 13
26 2 13
26 3 11
26 5 18
26 8 23
26 9 6
26 10 16
26 15 11
26 16 23
26 18 10
26 22 2
26 23 3
26 25 5
27 0 16
27 1 9
27 6 8
27 7 3
27 9 16
27 10 22
27 11 9
27 12 21
27 15 9
27 16 6
27 18 9
27 22 12
27 23 21
28 1 7
28 2 23
28 9 5
28 10 14
28 11 10
28 12 19
28 13 6
28 14 4
28 15 5
28 16 12
28 17 18
28 18 13
28 20 3
28 21 5
28 22 3
28 24 4
28 25 9
28 27 22
29 0 9
29 1 17
29 3 11
29 5 13
29 8 24
29 10 3
29 12 11
29 13 20
29 14 8
29 17 3
29 20 24
29 22 22
29 24 19
29 25 4
29 26 20
29 27 23
29 28 16
30 1 12
30 6 17
30 17 7
30 20 22
30 21 17
30 23 9
30 24 5
30 27 12
31 1 10
31 2 10
31 4 6
31 10 4
31 11 21
31 12 15
31 13 16
31 14 7
31 16 23
31 17 2
31 18 16
31 20 21
31 22 5
31 23 15
31 28 5
31 30 24
32 3 4
32 7 20
32 8 4
32 9 1
32 10 23
32 11 3
32 12 23
32 13 20
32 17 2
32 19 12
32 20 8
32 23 18
32 25 18
32 27 3
32 30 3
32 31 6
33 1 23
33 3 15
33 4 24
33 7 5
33 8 24
33 12 16
33 13 7
33 14 24
33 15 9
33 17 13
33 20 15
33 21 20
33 24 18
33 29 23
33 30 21
34 1 7
34 4 25
34 5 2
34 8 10
34 9 21
34 14 11
34 15 19
34 18 23
34 19 7
34 20 1
34 21 4
34 22 19
34 26 23
34 27 21
34 29 15
34 30 1
35 1 24
35 5 15
35 8 12
35 9 10
35 11 17
35 12 22
35 16 8
35 17 11
35 19 8
35 20 8
35 22 18
35 24 10
35 28 21
35 29 11
35 30 1
35 34 13
36 6 17
36 9 14
36 11 6
36 13 9
36 15 4
36 17 6
36 18 17
36 19 23
36 20 20
36 23 2
36 26 20
36 35 25
37 0 23
37 1 22
37 2 16
37 3 18
37 6 16
37 8 25
37 9 14
37 11 8
37 12 5
37 13 22
37 14 24
37 16 12
37 20 13
37 21 21
37 22 13
37 23 12
37 25 8
37 26 14
37 27 10
37 29 16
37 31 12
37 32 19
37 34 11
38 0 8
38 2 2
38 3 24
38 4 17
38 7 12
38 9 10
38 10 10
38 11 24
38 12 1
38 14 5
38 15 23
38 16 5
38 17 3
38 18 8
38 21 5
38 23 12
38 25 21
38 27 2
38 28 9
38 29 9
38 30 24
38 32 11
38 33 13
38 34 7
38 36 5
39 0 13
39 7 6
39 8 24
39 9 8
39 10 15
39 12 1
39 13 7
39 14 13
39 15 3
39 21 16
39 27 24
39 28 4
39 29 1
39 31 8
39 32 8
39 33 15
39 34 17
40 1 19
40 3 17
40 5 4
40 6 1
40 7 4
40 8 7
40 10 10
40 11 2
40 12 4
40 18 25
40 19 1
40 21 16
40 22 2
40 23 23
40 24 4
40 25 9
40 26 15
40 27 9
40 28 9
40 30 14
40 31 6
40 32 9
40 33 19
40 36 6
41 3 16
41 5 15
41 6 9
41 9 13
41 14 4
41 16 22
41 17 4
41 18 15
41 20 2
41 21 19
41 22 8
41 24 10
41 25 8
41 30 14
41 31 22
41 33 23
41 34 19
41 35 13
41 38 18
42 0 3
42 1 16
42 3 22
42 6 19
42 7 25
42 10 18
42 11 1
42 15 12
42 19 17
42 23 24
42 24 9
42 27 17
42 32 1
42 34 4
42 35 12
42 36 23
42 39 25
43 0 24
43 1 4
43 3 25
43 4 11
43 9 25
43 10 2
43 18 25
43 19 22
43 22 18
43 25 21
43 26 20
43 27 23
43 28 9
43 29 24
43 31 18
43 32 6
43 35 20
43 36 13
43 38 4
43 42 11
44 0 20
44 1 23
44 3 20
44 5 10
44 8 16
44 9 16
44 16 15
44 19 9
44 21 2
44 23 7
44 24 5
44 27 14
44 28 2
44 29 7
44 32 6
44 33 7
44 34 22
44 36 4
44 39 4
44 40 19
44 41 13
44 42 19
45 1 24
45 4 25
45 10 4
45 11 17
45 13 7
45 14 1
45 15 22
45 16 10
45 19 5
45 20 25
45 22 22
45 23 15
45 25 12
45 27 18
45 28 20
45 35 10
45 36 2
45 37 4
45 38 24
45 41 23
45 42 1
46 1 15
46 6 7
46 13 14
46 15 12
46 16 6
46 17 17
46 18 8
46 19 3
46 20 24
46 22 16
46 23 16
46 24 23
46 25 5
46 26 1
46 29 22
46 30 12
46 31 25
46 33 21
46 36 17
46 39 22
46 40 3
46 41 13
46 44 3
47 4 19
47 5 15
47 6 14
47 10 1
47 19 2
47 20 3
47 26 4
47 27 2
47 28 2
47 30 14
47 32 17
47 35 17
47 38 25
47 41 5
48 5 22
48 6 15
48 7 25
48 9 7
48 12 1
48 14 20
48 17 24
48 24 21
48 25 23
48 26 21
48 30 18
48 31 12
48 33 16
48 34 18
48 35 11
48 38 24
48 41 12
48 42 1
48 43 2
48 44 10
48 45 18
48 46 24
48 47 15
49 2 18
49 4 25
49 5 3
49 7 22
49 10 17
49 12 3
49 13 24
49 14 13
49 16 9
49 19 21
49 20 14
49 21 3
49 22 3
49 24 17
49 25 7
49 29 14
49 30 16
49 33 12
49 36 12
49 40 19
49 41 13
49 47 11
50 0 19
50 1 13
50 2 3
50 4 4
50 9 5
50 11 9
50 12 18
50 13 18
50 15 14
50 16 6
50 20 17
50 26 9
50 27 25
50 28 24
50 29 18
50 31 10
50 36 19
50 38 2
50 40 15
50 42 17
50 43 16
50 45 6
50 46 21
51 2 15
51 3 21
51 4 12
51 6 6
51 8 23
51 12 3
51 13 13
51 14 16
51 15 10
51 16 20
51 17 2
51 19 20
51 23 15
51 24 1
51 27 4
51 28 15
51 30 23
51 33 14
51 34 17
51 36 19
51 43 2
51 45 14
51 47 15
51 50 22
52 0 19
52 2 16
52 3 18
52 4 22
52 5 14
52 7 21
52 9 24
52 10 20
52 12 2
52 13 3
52 14 14
52 15 14
52 18 23
52 19 20
52 20 7
52 21 10
52 24 14
52 27 19
52 30 23
52 32 15
52 33 15
52 35 9
52 36 6
52 37 4
52 38 8
52 39 20
52 44 14
52 45 18
52 46 5
52 47 9
52 49 10
52 50 14
52 51 1
53 0 14
53 1 13
53 3 19
53 4 3
53 7 20
53 11 5
53 12 2
53 14 21
53 15 11
53 16 6
53 19 1
53 21 4
53 23 22
53 25 16
53 30 25
53 32 17
53 34 9
53 38 17
53 42 24
53 45 7
53 46 10
53 48 16
53 49 11
53 50 6
53 51 25
53 52 16
54 2 25
54 5 3
54 8 19
54 9 20
54 13 9
54 17 7
54 18 3
54 19 23
54 21 18
54 22 25
54 25 10
54 28 18
54 30 1
54 32 18
54 33 23
54 34 5
54 36 17
54 37 20
54 40 20
54 47 14
54 48 7
54 51 4
54 53 2
