25
2 0 63
3 1 52
3 2 67
4 1 1
4 3 57
5 0 49
5 1 38
5 2 5
5 4 37
6 1 44
7 5 61
7 6 29
8 2 66
8 3 51
8 5 30
8 6 15
8 7 60
9 0 49
9 1 6
9 2 30
9 5 5
9 7 33
10 3 52
10 7 2
10 9 1
11 0 24
11 1 49
11 3 45
11 4 1
11 5 56
11 7 40
11 8 73
11 9 4
12 4 45
12 7 18
12 8 8
13 0 53
13 1 9
13 8 36
13 9 32
13 12 17
14 0 37
14 3 49
14 6 46
14 11 44
14 12 34
14 13 3
15 2 25
15 3 70
15 6 27
15 11 32
15 12 70
15 13 72
16 0 66
16 2 64
16 3 3
16 4 19
16 6 12
16 7 14
16 8 45
16 9 12
16 10 67
16 13 7
16 14 12
17 3 68
17 5 2
17 7 6
17 11 20
17 13 18
17 15 71
18 0 12
18 6 17
18 8 48
18 9 35
18 11 8
18 13 16
18 14 55
18 15 64
18 17 57
19 0 54
19 1 24
19 3 6
19 4 45
19 5 10
19 6 72
19 7 63
19 8 48
19 11 58
19 12 27
19 13 60
20 1 29
20 3 24
20 4 8
20 5 28
20 8 49
20 9 41
20 10 50
20 13 23
20 15 58
20 16 64
20 17 9
20 19 62
21 2 67
21 4 14
21 6 34
21 7 6
21 8 34
21 9 50
21 10 70
21 12 60
21 18 20
21 19 25
21 20 54
22 0 10
22 1 39
22 4 30
22 5 17
22 6 34
22 7 70
22 9 33
22 11 61
22 12 13
22 13 37
22 15 70
22 21 31
23 0 21
23 5 28
23 6 72
23 7 41
23 8 57
23 11 24
23 12 38
23 17 65
23 20 35
23 21 25
23 22 47
24 2 4
24 4 74
24 5 52
24 6 8
24 7 28
24 9 46
24 10 62
24 11 21
24 14 75
24 16 62
24 17 12
24 18 47
24 22 55
