25
1 0 12
2 0 37
3 1 22
4 0 1
4 3 15
5 1 46
5 3 16
6 0 20
6 3 16
6 4 34
6 5 40
7 2 17
7 3 46
7 6 14
8 0 25
8 3 7
8 4 18
8 5 16
8 7 34
9 1 14
9 2 23
9 3 16
9 6 4
10 0 46
10 4 15
10 5 28
10 6 15
10 7 20
11 3 8
11 4 39
11 5 28
11 6 7
11 7 22
11 10 7
12 0 15
12 1 44
12 3 21
12 4 13
12 6 9
12 7 4
12 9 39
12 10 13
13 0 14
13 1 2
13 3 4
13 4 11
13 6 38
13 7 12
13 8 7
13 9 10
13 11 13
13 12 23
14 0 48
14 1 46
14 2 29
14 3 37
14 4 2
14 6 6
14 7 46
14 9 6
15 2 25
15 3 15
15 5 6
15 6 45
15 8 28
15 11 29
16 1 5
16 2 6
16 3 37
16 7 29
16 9 45
16 10 22
16 15 9
17 0 42
17 1 35
17 2 29
17 9 12
17 10 16
17 12 36
17 16 30
18 0 30
18 1 39
18 6 49
18 9 37
18 12 41
18 13 1
18 14 33
18 15 11
19 5 6
19 9 18
19 11 38
19 12 33
19 17 19
20 0 10
20 4 46
20 8 22
20 10 9
20 11 3
20 13 49
20 14 3
20 15 5
20 16 43
20 17 13
21 4 8
21 8 45
21 9 10
21 12 27
21 14 12
21 16 20
21 19 9
22 1 50
22 3 26
22 5 22
22 8 41
22 9 12
22 10 16
22 21 22
23 1 15
23 3 27
23 5 2
23 6 23
23 7 44
23 9 17
23 16 46
23 17 47
23 21 5
24 1 37
24 2 33
24 3 5
24 5 2
24 6 32
24 8 6
24 10 9
24 11 43
24 15 10
24 17 30
24 19 22
24 20 44
24 23 36
