40
3 0 69
4 0 48
4 3 2
5 0 56
5 1 62
5 2 31
5 3 57
6 0 34
6 1 38
6 2 40
6 4 69
6 5 55
7 2 36
7 4 15
7 5 75
7 6 33
8 0 46
8 2 56
8 3 44
8 4 63
8 6 21
9 2 26
9 4 15
9 6 57
9 7 68
10 3 51
10 4 48
10 5 1
10 7 48
10 9 17
11 1 9
11 2 46
11 3 75
11 7 64
11 9 45
12 0 73
12 2 60
12 3 17
12 4 33
12 5 15
12 7 40
12 8 39
12 9 67
12 10 13
12 11 27
13 1 62
13 3 58
13 4 36
13 5 21
13 6 7
13 7 3
13 8 1
13 10 14
14 1 62
14 2 50
14 3 1
14 5 15
14 8 10
14 9 48
14 10 13
14 12 30
15 2 27
15 3 54
15 4 27
15 6 3
15 7 21
15 8 12
15 9 23
15 12 43
15 14 18
16 6 25
16 7 21
16 10 17
16 12 28
16 13 32
16 14 59
17 5 29
17 11 19
17 12 67
17 13 40
17 15 45
18 1 19
18 2 19
18 4 18
18 5 19
18 6 16
18 12 48
18 13 39
18 15 24
19 0 3
19 1 6
19 2 38
19 8 67
19 9 2
19 10 73
19 14 72
19 16 75
20 0 8
20 2 29
20 7 33
20 8 27
20 10 75
20 12 32
20 13 18
20 15 45
20 18 67
21 2 68
21 4 30
21 9 73
21 10 57
21 11 32
21 13 29
21 15 26
21 17 10
21 18 3
22 0 40
22 7 17
22 8 46
22 10 3
22 12 22
22 15 23
22 16 57
22 17 4
22 19 7
22 20 7
22 21 48
23 0 31
23 1 37
23 4 38
23 6 48
23 11 50
23 12 68
23 13 28
23 14 4
23 15 31
23 16 69
23 18 40
23 19 7
23 20 18
23 21 25
23 22 59
24 0 40
24 2 3
24 3 41
24 5 35
24 7 46
24 8 13
24 10 39
24 12 62
24 13 22
24 14 44
24 19 29
24 20 75
24 22 51
25 0 1
25 1 28
25 5 57
25 6 20
25 7 28
25 8 64
25 11 48
25 18 64
25 19 10
25 20 64
25 21 43
26 0 11
26 1 45
26 2 74
26 5 53
26 7 46
26 8 25
26 13 43
26 15 8
26 16 56
26 17 35
26 18 53
26 21 13
26 22 64
26 23 44
26 24 41
26 25 35
27 1 32
27 2 1
27 4 75
27 7 64
27 8 62
27 10 69
27 11 36
27 21 67
27 22 13
27 26 72
28 1 44
28 2 48
28 7 26
28 12 42
28 14 17
28 15 49
28 16 67
28 17 53
28 19 55
28 22 64
28 24 74
28 26 6
28 27 25
29 0 26
29 3 41
29 4 22
29 5 41
29 7 62
29 8 61
29 9 18
29 13 74
29 14 28
29 15 10
29 16 52
29 17 52
29 20 4
29 21 30
29 22 52
29 25 29
29 28 6
30 0 59
30 2 11
30 4 48
30 7 54
30 8 46
30 9 9
30 11 29
30 13 66
30 15 35
30 22 25
30 27 35
30 29 34
31 1 52
31 3 57
31 7 3
31 9 28
31 11 23
31 12 43
31 13 20
31 14 38
31 16 6
31 20 22
31 23 22
31 24 62
31 27 36
31 28 25
32 2 34
32 4 35
32 5 55
32 6 15
32 7 24
32 8 12
32 11 61
32 15 21
32 18 7
32 19 59
32 22 4
32 27 46
32 30 34
33 1 44
33 2 66
33 3 47
33 9 35
33 10 46
33 13 43
33 16 40
33 18 2
33 20 28
33 22 51
33 23 64
33 24 40
33 25 53
34 0 1
34 1 49
34 2 53
34 5 47
34 7 74
34 10 52
34 11 61
34 13 6
34 15 54
34 16 49
34 17 21
34 18 15
34 20 6
34 21 8
34 22 45
34 23 60
34 24 5
34 25 28
34 27 67
34 28 66
34 29 58
35 1 22
35 4 22
35 6 29
35 8 14
35 9 18
35 10 16
35 12 29
35 14 53
35 15 60
35 16 7
35 18 38
35 19 42
35 20 21
35 22 72
35 24 52
35 25 69
35 27 14
35 28 20
35 29 73
35 33 57
35 34 73
36 1 62
36 3 5
36 4 74
36 5 9
36 6 20
36 7 49
36 11 51
36 13 67
36 15 21
36 20 32
36 22 69
36 23 66
36 24 23
36 25 71
36 27 21
36 28 4
36 30 62
36 32 45
37 0 50
37 4 27
37 10 62
37 11 68
37 14 15
37 15 35
37 18 39
37 19 59
37 20 18
37 23 27
37 24 66
37 27 38
37 28 9
37 31 27
37 32 33
37 33 24
37 34 5
37 35 48
38 0 30
38 3 42
38 5 29
38 6 70
38 8 3
38 9 67
38 10 12
38 11 25
38 14 21
38 16 71
38 18 17
38 19 60
38 20 16
38 23 12
38 24 64
38 27 52
38 32 34
38 33 47
38 36 56
39 0 16
39 1 24
39 3 22
39 5 56
39 7 50
39 10 65
39 12 49
39 13 7
39 14 18
39 16 65
39 19 64
39 20 33
39 22 24
39 23 17
39 26 21
39 28 59
39 29 70
39 31 61
39 33 23
39 34 56
39 37 31
