70
1 0 60
2 1 67
3 0 28
4 3 98
5 0 31
5 1 40
5 3 17
6 0 67
6 1 67
6 3 77
6 5 3
7 0 99
7 2 50
7 3 62
7 4 28
7 6 6
8 0 33
8 1 79
8 2 18
8 3 47
8 5 12
8 7 32
9 0 55
9 1 79
9 4 73
9 6 93
9 7 72
10 0 77
10 1 12
11 0 13
11 1 76
11 2 97
11 3 12
11 4 66
12 0 61
12 1 21
12 2 33
12 5 82
12 7 72
12 8 18
12 10 95
13 0 50
13 1 66
13 2 53
13 3 92
13 4 78
13 5 35
13 8 68
13 9 48
13 10 19
13 11 58
13 12 40
14 0 38
14 2 83
14 3 11
14 4 76
14 6 32
14 7 66
14 11 1
15 1 30
15 4 59
15 8 44
15 9 28
15 11 66
15 12 90
15 13 27
15 14 39
16 1 78
16 3 15
16 9 35
16 10 79
16 12 9
16 14 85
16 15 43
17 2 31
17 4 67
17 6 11
17 8 25
17 13 31
17 14 3
18 0 96
18 1 74
18 2 50
18 3 78
18 4 47
18 5 28
18 6 42
18 7 12
18 8 59
18 9 16
18 13 58
18 14 19
18 15 93
18 16 47
18 17 29
19 4 68
19 5 100
19 6 45
19 11 59
19 12 64
19 16 69
20 1 35
20 7 23
20 8 4
20 11 37
20 14 64
20 15 66
20 17 64
20 19 69
21 0 91
21 1 5
21 3 28
21 4 57
21 5 32
21 7 96
21 11 26
21 12 74
21 13 58
21 15 70
21 16 58
21 18 43
21 19 31
21 20 43
22 1 18
22 2 64
22 6 84
22 7 92
22 16 29
22 17 47
22 18 49
23 2 100
23 4 95
23 7 48
23 8 39
23 10 58
23 13 54
23 14 41
23 17 60
23 19 68
23 20 19
23 21 90
23 22 20
24 2 2
24 3 57
24 8 8
24 9 99
24 12 24
24 15 53
24 18 98
24 20 72
24 21 22
24 22 27
24 23 33
25 0 22
25 1 27
25 2 100
25 3 11
25 6 15
25 10 17
25 15 94
25 16 53
25 17 92
25 20 30
25 21 33
25 23 22
26 1 61
26 2 32
26 6 4
26 10 11
26 12 40
26 14 63
26 16 96
26 17 29
26 21 9
26 25 6
27 1 88
27 6 23
27 8 7
27 10 97
27 11 31
27 15 61
27 16 74
27 18 52
27 19 66
27 24 63
28 0 52
28 1 65
28 2 84
28 4 70
28 7 21
28 9 79
28 10 86
28 13 38
28 15 40
28 16 29
28 17 97
28 18 8
28 20 73
28 22 62
28 24 42
28 25 50
28 26 41
29 0 88
29 4 35
29 6 38
29 8 27
29 9 78
29 11 74
29 12 63
29 14 14
29 15 93
29 17 1
29 18 42
29 22 26
29 24 17
29 27 74
30 0 32
30 1 53
30 3 42
30 4 2
30 5 40
30 8 96
30 15 62
30 22 36
30 27 33
30 29 91
31 2 15
31 4 69
31 6 91
31 7 35
31 9 43
31 10 25
31 13 95
31 15 9
31 16 83
31 17 28
31 19 66
31 20 26
31 23 45
31 24 21
31 30 22
32 0 5
32 2 46
32 6 100
32 11 18
32 12 65
32 14 9
32 15 53
32 17 15
32 18 32
32 20 71
32 21 1
32 23 72
32 25 63
32 28 87
32 29 99
33 0 89
33 1 86
33 2 33
33 3 17
33 4 49
33 6 65
33 7 73
33 9 24
33 10 33
33 13 93
33 15 58
33 16 4
33 18 5
33 20 83
33 21 33
33 22 3
33 25 70
33 26 29
33 27 56
33 28 100
33 29 85
33 31 92
33 32 64
34 2 18
34 9 85
34 10 2
34 12 34
34 13 57
34 14 11
34 15 55
34 17 40
34 18 57
34 19 56
34 20 52
34 22 2
34 24 52
34 25 17
34 26 38
34 27 87
34 30 49
34 33 90
35 0 95
35 5 83
35 7 31
35 8 8
35 11 72
35 12 77
35 23 69
35 26 35
35 28 83
35 29 19
35 30 30
35 33 3
35 34 13
36 1 32
36 2 26
36 5 52
36 6 30
36 8 11
36 9 65
36 10 58
36 12 41
36 16 35
36 17 14
36 19 64
36 20 78
36 21 73
36 24 31
36 25 38
36 26 9
36 27 76
36 31 65
36 33 85
36 34 38
36 35 98
37 0 66
37 3 28
37 4 51
37 5 93
37 6 62
37 9 83
37 11 33
37 13 52
37 16 60
37 17 28
37 20 67
37 21 92
37 23 100
37 24 51
37 25 62
37 26 62
37 28 93
37 29 48
37 30 92
37 33 3
37 35 47
37 36 69
38 1 2
38 8 34
38 14 67
38 15 49
38 17 67
38 19 79
38 20 32
38 21 52
38 22 69
38 24 50
38 25 12
38 29 1
38 35 41
38 36 70
39 1 64
39 4 22
39 7 54
39 10 75
39 15 63
39 17 68
39 21 70
39 22 49
39 25 50
39 26 45
39 27 25
39 28 53
39 29 29
39 34 3
39 35 45
39 36 62
40 4 88
40 9 81
40 13 64
40 17 78
40 18 5
40 20 88
40 23 45
40 24 53
40 34 65
40 37 56
40 38 31
41 3 11
41 13 79
41 14 56
41 17 80
41 18 22
41 19 21
41 20 39
41 21 3
41 24 60
41 28 28
41 29 73
41 31 33
41 33 54
41 36 32
41 37 38
41 38 39
41 39 16
42 0 87
42 1 88
42 2 87
42 4 22
42 7 37
42 8 67
42 9 45
42 13 28
42 14 78
42 18 48
42 20 22
42 21 13
42 24 60
42 25 61
42 26 32
42 27 8
42 28 56
42 30 17
42 32 41
42 33 50
42 35 32
42 36 38
42 37 52
42 38 47
42 39 20
42 40 79
43 1 60
43 3 96
43 5 31
43 7 20
43 9 87
43 13 39
43 18 16
43 21 12
43 22 23
43 23 6
43 24 44
43 25 56
43 26 74
43 27 88
43 28 14
43 29 90
43 30 65
43 31 19
43 32 40
43 33 41
43 34 64
43 35 34
43 39 19
43 40 90
43 42 99
44 0 25
44 3 35
44 5 6
44 7 8
44 9 24
44 13 71
44 14 49
44 15 99
44 16 73
44 17 87
44 18 40
44 19 18
44 21 1
44 22 48
44 25 64
44 26 17
44 29 78
44 30 26
44 33 71
44 35 58
44 37 22
44 39 94
44 42 30
45 1 61
45 2 3
45 3 61
45 5 27
45 10 6
45 12 86
45 13 78
45 18 76
45 19 40
45 20 12
45 23 5
45 24 95
45 25 16
45 26 52
45 28 24
45 31 93
45 36 33
45 37 66
45 38 78
45 41 58
45 42 12
45 44 29
46 0 97
46 2 61
46 3 72
46 5 41
46 7 13
46 9 46
46 10 5
46 13 46
46 15 2
46 17 69
46 19 55
46 20 72
46 22 93
46 24 10
46 26 13
46 27 92
46 30 52
46 31 57
46 36 65
46 40 22
46 41 43
46 43 61
46 44 51
46 45 77
47 0 37
47 2 94
47 6 71
47 7 38
47 10 95
47 13 11
47 15 72
47 21 5
47 22 98
47 24 27
47 25 89
47 26 71
47 27 78
47 28 92
47 29 19
47 30 2
47 32 32
47 36 85
47 37 59
47 38 91
47 39 66
47 41 92
47 42 71
47 44 91
47 46 84
48 0 37
48 4 31
48 6 81
48 10 17
48 12 98
48 13 53
48 14 5
48 15 72
48 16 78
48 17 78
48 18 89
48 21 80
48 24 1
48 25 28
48 27 69
48 32 12
48 34 54
48 35 67
48 40 39
48 41 100
48 43 42
48 45 97
48 46 13
48 47 21
49 0 76
49 4 2
49 9 89
49 11 1
49 12 8
49 13 26
49 14 87
49 16 17
49 20 24
49 21 48
49 24 43
49 25 73
49 26 32
49 27 87
49 28 85
49 30 25
49 32 95
49 33 41
49 34 69
49 35 41
49 38 44
49 39 33
49 42 25
49 45 94
50 0 42
50 1 88
50 3 89
50 4 18
50 7 52
50 8 34
50 10 22
50 11 79
50 12 71
50 16 24
50 19 2
50 20 74
50 21 94
50 25 69
50 28 66
50 31 74
50 34 98
50 35 57
50 38 63
50 42 4
50 45 16
50 46 6
50 47 31
50 48 28
51 1 65
51 3 100
51 9 89
51 10 28
51 11 81
51 12 40
51 13 43
51 14 91
51 16 92
51 20 80
51 21 63
51 22 73
51 27 71
51 28 75
51 29 43
51 30 41
51 31 76
51 34 1
51 35 68
51 36 32
51 37 23
51 40 64
51 46 61
51 48 21
52 1 11
52 2 39
52 3 61
52 5 59
52 7 78
52 8 23
52 10 1
52 11 36
52 13 31
52 14 74
52 19 17
52 22 40
52 23 27
52 25 8
52 31 19
52 33 36
52 37 49
52 38 45
52 41 33
52 44 67
52 46 28
52 47 61
52 51 7
53 1 72
53 6 56
53 7 30
53 8 47
53 9 29
53 10 11
53 12 78
53 13 93
53 16 51
53 18 64
53 19 78
53 20 5
53 23 13
53 25 83
53 27 25
53 28 42
53 30 25
53 31 5
53 32 57
53 34 14
53 35 71
53 36 4
53 37 8
53 38 29
53 41 90
53 45 50
53 47 63
53 50 21
53 51 35
54 0 25
54 2 29
54 3 37
54 4 15
54 6 84
54 7 53
54 8 39
54 9 48
54 11 40
54 12 85
54 15 65
54 16 95
54 17 71
54 19 52
54 20 98
54 22 25
54 25 58
54 26 48
54 27 72
54 29 61
54 31 57
54 33 39
54 39 94
54 42 47
54 43 82
54 46 69
54 49 40
54 52 50
54 53 14
55 1 46
55 3 63
55 4 22
55 8 54
55 10 34
55 11 26
55 12 75
55 13 7
55 14 3
55 15 75
55 16 47
55 18 6
55 23 65
55 25 78
55 28 83
55 30 56
55 32 69
55 33 44
55 34 22
55 35 16
55 36 86
55 37 3
55 39 82
55 40 81
55 41 87
55 42 43
55 43 5
55 44 76
55 50 75
55 54 47
56 2 6
56 10 86
56 12 50
56 13 97
56 21 19
56 23 41
56 24 20
56 27 73
56 28 94
56 30 16
56 31 74
56 32 23
56 33 82
56 34 71
56 37 45
56 38 91
56 41 39
56 44 35
56 45 20
56 47 1
56 48 52
56 49 19
56 52 81
56 54 97
56 55 7
57 1 71
57 2 42
57 3 8
57 5 21
57 7 70
57 8 59
57 13 88
57 15 16
57 19 21
57 20 82
57 21 20
57 22 86
57 24 71
57 25 71
57 26 37
57 28 83
57 29 29
57 31 96
57 32 14
57 33 29
57 34 24
57 39 56
57 40 75
57 42 68
57 43 12
57 44 90
57 48 90
57 50 27
57 51 76
57 55 31
58 0 91
58 1 20
58 2 48
58 4 78
58 5 42
58 6 6
58 7 25
58 11 74
58 12 69
58 15 81
58 21 68
58 22 72
58 24 83
58 25 70
58 27 23
58 28 91
58 31 45
58 32 17
58 33 24
58 35 18
58 36 48
58 40 89
58 42 94
58 43 100
58 44 31
58 45 11
58 46 60
58 49 33
58 52 21
58 53 92
58 55 41
58 56 88
58 57 76
59 8 60
59 11 11
59 16 38
59 18 54
59 20 89
59 21 2
59 24 25
59 27 4
59 29 20
59 31 74
59 33 63
59 34 98
59 35 29
59 36 33
59 37 45
59 38 9
59 39 39
59 40 82
59 41 69
59 42 2
59 46 48
59 47 63
59 50 45
59 52 43
59 53 44
59 54 74
59 57 84
60 2 98
60 7 59
60 8 79
60 10 23
60 11 56
60 12 60
60 14 72
60 15 54
60 17 31
60 20 89
60 22 8
60 25 61
60 29 46
60 31 65
60 40 4
60 42 93
60 43 65
60 45 83
60 46 66
60 47 56
60 52 2
60 53 47
60 56 39
60 57 94
60 59 55
61 2 4
61 4 96
61 5 34
61 6 66
61 10 26
61 12 39
61 14 38
61 15 49
61 18 36
61 20 30
61 21 75
61 22 9
61 23 82
61 25 88
61 31 17
61 32 33
61 33 19
61 34 29
61 36 71
61 38 14
61 43 91
61 44 40
61 46 22
61 48 26
61 53 10
61 55 71
61 56 43
61 57 73
62 3 28
62 6 14
62 7 33
62 11 9
62 13 70
62 14 71
62 15 48
62 18 20
62 20 62
62 22 3
62 23 86
62 25 96
62 26 46
62 28 58
62 29 33
62 30 84
62 33 41
62 34 52
62 36 54
62 37 23
62 40 21
62 43 98
62 45 73
62 46 82
62 49 7
62 51 99
62 52 69
62 55 51
62 56 18
62 58 97
62 60 63
62 61 92
63 0 21
63 3 28
63 7 25
63 9 67
63 11 83
63 13 33
63 15 15
63 16 85
63 19 3
63 20 98
63 22 23
63 24 3
63 27 64
63 31 94
63 34 2
63 35 64
63 37 1
63 41 13
63 42 61
63 43 71
63 44 67
63 56 50
63 60 54
64 0 43
64 1 49
64 3 29
64 4 27
64 5 71
64 7 69
64 9 49
64 13 47
64 15 70
64 21 94
64 23 85
64 24 76
64 25 26
64 26 47
64 28 69
64 29 36
64 32 19
64 35 23
64 41 50
64 45 78
64 47 20
64 48 26
64 50 22
64 51 28
64 56 97
64 58 78
65 0 76
65 3 90
65 11 68
65 12 73
65 14 40
65 15 37
65 17 73
65 19 35
65 20 47
65 21 68
65 23 44
65 27 83
65 29 29
65 30 95
65 35 98
65 36 65
65 38 32
65 41 10
65 42 35
65 44 68
65 45 11
65 46 3
65 47 97
65 48 6
65 49 66
65 52 55
65 53 7
65 56 67
65 57 4
65 59 67
65 62 4
65 64 79
66 0 5
66 1 72
66 5 6
66 6 10
66 7 32
66 9 6
66 15 58
66 16 18
66 19 11
66 21 25
66 22 11
66 23 5
66 25 86
66 28 75
66 29 35
66 31 84
66 34 68
66 36 35
66 38 29
66 41 94
66 45 100
66 46 66
66 47 77
66 48 94
66 49 57
66 51 71
66 54 38
66 56 34
66 58 34
66 59 46
66 61 7
66 63 84
66 65 50
67 1 98
67 4 31
67 5 25
67 7 65
67 9 98
67 12 71
67 13 67
67 14 8
67 17 79
67 18 37
67 21 92
67 22 9
67 23 48
67 24 32
67 25 96
67 27 39
67 30 84
67 31 45
67 32 80
67 38 3
67 39 24
67 42 60
67 43 1
67 44 79
67 45 28
67 46 28
67 47 99
67 49 78
67 51 55
67 53 87
67 54 40
67 55 7
67 56 23
67 57 38
67 58 47
67 60 14
67 64 42
67 65 99
68 7 98
68 10 35
68 14 43
68 16 78
68 17 98
68 21 42
68 25 22
68 26 56
68 28 77
68 32 86
68 33 6
68 34 66
68 35 100
68 37 14
68 38 83
68 39 39
68 40 38
68 42 61
68 53 38
68 54 55
68 55 28
68 56 2
68 57 58
68 59 73
68 60 11
68 62 57
68 63 97
68 64 81
68 65 83
69 1 33
69 2 4
69 8 37
69 10 37
69 13 68
69 15 36
69 16 59
69 17 35
69 19 72
69 23 69
69 24 36
69 25 41
69 26 59
69 31 45
69 33 48
69 37 22
69 38 18
69 41 87
69 42 59
69 44 8
69 45 25
69 46 63
69 48 86
69 49 17
69 53 50
69 55 58
69 58 68
69 59 81
69 60 14
69 65 48
69 67 5
69 68 12
